37	74	37
24	99	22
36	10	43
57	58	25
59	11	89
45	14	10
43	11	43
12	50	95
98	72	24
17	97	51
75	96	15
35	85	27
19	98	47
98	66	41
17	63	28
87	39	12
63	52	10
79	79	79
32	82	15
34	82	36
65	87	85
78	70	98
56	24	53
56	47	56
42	26	84
80	22	84
14	12	93
75	67	42
61	35	25
17	38	61
87	36	45
48	13	39
65	86	87
53	31	35
88	14	82
17	11	53
51	61	80
78	67	59
72	38	59
97	97	97
86	12	91
83	53	19
46	60	54
14	15	29
85	71	25
60	55	51
70	33	56
48	70	58
35	57	39
22	83	52
70	28	16
65	23	65
38	11	82
23	14	87
43	57	25
38	42	15
76	12	99
52	26	24
61	14	44
33	74	56
17	96	35
36	11	36
82	81	38
35	12	50
97	89	62
39	22	26
63	85	35
80	77	10
49	90	23
80	76	27
31	34	51
28	44	82
10	86	20
97	56	85
57	11	68
17	76	40
94	54	87
43	41	66
94	91	60
80	29	82
80	80	80
66	11	55
98	68	98
41	32	17
24	29	67
20	17	86
56	57	66
15	39	17
41	86	86
72	92	92
57	21	72
71	32	13
58	25	71
22	95	22
12	25	51
38	43	49
28	24	37
36	76	36
58	58	58
25	24	43
57	57	57
41	70	36
37	82	34
43	88	18
93	93	93
92	30	92
23	99	27
49	27	79
74	58	28
10	12	63
70	70	70
76	43	13
16	77	15
38	64	41
26	18	75
30	30	30
73	71	33
17	38	56
15	24	49
96	52	27
46	71	23
45	84	45
64	93	82
44	54	66
99	17	62
12	69	85
71	94	22
12	58	14
77	93	72
22	41	34
52	85	95
39	18	81
59	54	51
70	80	97
86	49	81
16	45	85
70	44	76
85	98	44
29	31	29
32	51	77
41	43	90
12	13	33
93	33	93
25	78	54
71	46	58
19	29	60
64	67	48
37	54	44
81	75	48
70	83	67
54	97	29
84	96	57
53	61	46
84	90	72
44	67	23
98	48	46
62	30	87
48	56	91
57	87	85
23	11	45
93	94	75
39	15	29
75	75	75
33	74	41
22	22	22
56	81	62
96	13	26
68	55	73
75	98	75
20	40	20
48	70	37
94	26	63
58	52	84
42	43	15
77	11	45
15	15	15
12	70	32
36	76	82
51	92	74
89	53	42
64	49	78
47	34	56
70	47	57
87	30	54
66	60	36
85	36	13
56	91	81
63	92	53
11	29	94
14	44	91
68	98	44
13	22	84
55	33	55
78	65	25
94	77	51
17	25	17
51	45	31
57	57	56
50	18	84
71	25	71
48	29	69
91	56	44
69	63	69
74	10	45
31	19	90
86	92	90
73	95	91
46	23	46
11	22	93
45	49	31
80	38	44
39	38	95
99	66	32
51	23	53
98	63	31
18	26	36
46	70	38
44	60	31
17	13	17
44	90	30
83	83	83
26	17	22
22	12	42
38	38	31
91	92	17
27	56	28
95	68	93
46	54	86
48	14	75
39	77	39
68	68	14
87	63	98
52	52	52
43	48	39
83	45	68
87	41	56
66	88	48
37	64	25
82	56	89
52	98	33
99	60	17
32	10	78
14	27	14
11	57	11
79	33	80
37	56	44
88	18	58
15	80	62
36	85	90
74	52	71
95	97	40
76	80	48
76	66	89
47	59	66
30	94	29
93	43	74
24	52	24
50	70	50
35	41	86
70	95	64
31	31	31
11	77	74
43	15	87
92	51	47
70	19	96
88	18	42
90	90	90
92	36	92
23	12	95
30	54	53
43	78	43
16	89	87
92	45	69
64	81	96
41	58	21
67	23	19
44	65	65
50	45	55
19	73	43
43	43	11
57	39	65
46	25	28
79	21	17
44	44	44
36	15	11
25	23	16
80	17	71
20	14	20
30	37	58
62	35	15
21	56	66
51	37	63
33	18	46
14	16	14
80	21	82
81	72	81
89	18	33
33	50	85
98	46	51
21	90	49
81	81	81
10	74	35
64	64	64
85	62	95
64	23	70
69	31	60
17	73	15
19	52	66
25	97	77
55	88	96
38	53	29
17	38	77
52	74	10
69	96	69
83	39	83
67	46	27
80	35	95
63	54	68
82	81	82
50	96	71
69	29	10
43	70	89
71	21	25
27	79	50
38	26	33
67	22	12
93	93	93
61	35	46
93	64	38
68	60	87
71	56	45
53	95	63
74	74	74
96	60	31
92	42	84
73	88	78
17	35	80
24	39	25
40	40	40
34	99	63
18	38	20
38	72	55
66	66	66
30	80	30
66	45	66
54	74	54
74	34	53
78	24	57
52	84	18
64	57	21
78	83	29
72	19	91
27	81	13
74	51	17
40	80	24
37	67	90
72	42	53
39	86	39
14	65	76
13	14	18
70	50	70
98	69	66
14	28	99
84	37	47
50	21	31
75	14	67
32	59	20
32	72	12
86	50	86
85	66	69
75	66	23
10	28	36
94	11	37
62	62	62
22	35	87
82	35	80
57	89	57
65	45	29
37	28	37
79	40	22
77	84	17
50	79	25
75	47	94
59	54	47
19	88	89
77	97	69
52	22	53
34	37	62
86	30	47
66	51	52
35	92	52
88	94	98
52	19	30
62	94	18
31	91	84
89	51	48
73	50	73
59	70	73
40	39	77
51	51	51
72	43	80
44	17	45
47	55	67
98	45	80
92	30	68
91	23	82
89	58	96
92	73	75
52	35	64
84	71	46
40	29	51
51	74	42
31	35	48
89	59	51
34	70	62
66	66	76
29	76	13
70	16	93
28	41	43
26	86	49
35	29	86
70	66	69
85	98	80
54	32	65
83	65	59
93	37	76
79	26	50
99	90	65
14	46	87
29	60	84
94	31	88
69	70	65
43	90	33
68	57	25
64	67	69
46	78	34
43	52	10
57	38	21
39	34	40
24	22	60
71	44	82
36	61	29
91	46	88
90	89	81
40	46	74
39	36	69
33	27	85
98	69	46
96	19	74
93	46	99
34	41	20
35	69	68
10	92	20
73	60	96
31	53	68
31	71	10
92	36	30
92	16	76
39	10	63
13	98	15
42	50	90
80	72	28
50	94	50
74	72	70
67	83	59
31	90	55
32	66	79
52	45	44
30	87	11
69	59	68
41	38	89
62	62	62
85	45	85
96	89	55
38	38	67
79	82	45
71	32	48
94	77	19
61	67	81
13	11	65
79	14	28
13	70	47
77	56	98
37	46	37
25	54	25
70	56	81
77	26	31
67	13	95
54	54	54
41	41	41
17	17	17
99	88	74
56	88	79
61	34	64
63	83	34
88	98	71
50	51	50
12	96	24
78	39	55
46	61	79
80	15	69
51	50	78
10	27	48
37	97	37
64	19	48
33	37	16
68	68	68
96	13	96
62	28	87
61	91	14
82	39	82
70	67	39
76	91	76
81	92	79
81	50	49
45	32	60
42	33	71
13	47	95
39	73	61
95	86	95
68	21	79
58	84	46
48	16	83
90	72	39
44	96	24
17	88	90
93	36	73
31	53	25
29	10	20
32	89	74
55	22	49
72	97	11
70	94	49
22	42	40
47	57	75
43	86	25
27	24	38
86	86	86
87	87	87
35	61	60
89	59	75
98	47	79
85	81	41
55	65	10
36	58	53
96	40	88
82	36	90
68	48	51
43	17	73
52	20	54
69	61	79
45	45	45
68	59	36
59	90	65
17	23	71
28	84	91
86	86	58
59	17	59
62	54	16
84	81	16
62	55	28
55	89	81
57	24	52
83	83	83
13	41	57
62	17	57
47	78	79
40	67	19
42	75	76
48	12	68
84	37	32
97	21	97
94	17	94
78	45	82
24	90	34
37	64	88
60	48	72
92	92	92
43	70	97
10	80	69
88	88	88
93	12	76
66	18	34
99	69	49
32	57	90
53	92	16
57	95	32
40	81	84
17	79	82
34	46	75
41	40	52
55	39	79
11	96	20
71	86	40
27	84	21
53	74	48
17	27	38
26	52	56
11	12	60
21	69	64
47	16	39
33	92	33
80	91	50
84	67	44
29	40	91
25	34	55
83	20	88
10	87	70
97	28	63
20	61	67
54	35	91
16	24	34
30	30	30
70	13	98
96	96	40
10	76	56
21	21	21
58	29	13
86	62	20
33	27	42
43	43	43
58	94	25
39	67	79
65	26	89
51	99	25
43	85	83
82	44	40
99	99	23
63	13	96
28	83	58
16	38	38
16	47	53
72	20	25
95	37	24
93	44	93
48	13	99
60	37	31
54	15	85
62	56	60
52	87	44
91	68	87
13	44	93
13	48	87
45	89	36
89	51	96
19	53	79
60	69	68
91	49	62
19	21	46
23	68	57
63	61	29
49	72	10
60	64	55
44	80	82
95	36	91
15	15	15
86	88	86
43	43	43
29	49	36
54	66	62
43	86	24
36	70	48
45	94	94
64	78	67
94	22	48
56	10	92
21	52	98
63	80	32
38	11	88
14	14	14
76	99	77
30	48	12
77	50	13
96	35	32
56	43	20
37	84	37
82	87	78
64	64	64
78	77	25
60	85	68
44	44	44
65	67	27
49	74	69
68	68	68
68	25	68
78	28	72
49	39	45
87	24	43
16	51	66
13	17	19
99	73	99
19	36	57
46	95	67
19	38	23
75	38	33
99	49	99
70	19	77
67	40	71
60	66	15
21	84	47
74	94	87
62	62	62
66	37	17
36	27	77
69	57	69
19	33	95
11	15	87
76	31	48
19	52	19
58	78	57
16	72	33
40	34	85
87	62	25
34	99	14
83	82	79
41	49	80
48	27	15
64	97	29
23	18	66
57	22	56
78	52	78
90	54	59
91	53	35
70	56	30
37	80	63
74	25	31
29	92	97
96	48	89
20	47	69
69	83	85
10	92	38
98	88	64
75	32	86
14	14	14
31	66	58
89	21	16
90	39	87
36	64	99
17	84	39
18	83	18
23	85	81
43	43	62
86	82	49
45	45	18
45	56	69
47	37	46
37	12	32
15	58	70
93	11	78
35	44	75
51	52	57
66	25	55
16	97	63
84	59	34
86	74	14
43	78	48
12	61	93
59	59	59
90	13	63
96	47	45
75	20	93
76	48	61
88	76	22
55	13	97
39	72	75
83	21	35
95	43	98
92	68	12
46	94	95
40	55	40
92	50	49
12	45	37
65	23	23
55	78	86
86	11	86
45	77	47
92	80	79
53	57	53
86	48	86
33	81	61
25	25	25
91	63	22
35	97	99
84	43	78
61	35	38
55	25	48
55	55	55
88	63	63
91	81	57
68	68	68
89	12	84
19	76	20
76	24	91
19	61	54
31	80	59
79	78	23
24	96	79
27	33	27
21	52	29
76	89	86
98	86	77
19	52	80
41	63	85
34	34	34
78	43	31
14	14	14
90	91	76
38	28	12
18	60	89
11	11	11
41	99	61
97	97	97
58	51	75
88	88	88
61	42	86
72	72	72
22	52	10
90	40	56
72	88	15
67	84	75
72	44	30
99	23	63
68	77	68
16	50	89
18	40	63
73	37	11
42	78	29
77	31	25
76	77	44
56	29	37
58	58	58
41	81	10
72	22	43
42	96	31
85	35	69
41	95	70
53	99	34
30	30	30
96	31	87
64	44	74
59	97	19
91	35	87
45	20	36
72	87	84
99	36	11
63	47	44
97	31	22
55	89	85
21	55	16
85	94	58
60	60	60
32	96	18
53	90	52
23	97	76
83	12	21
53	29	65
68	89	60
45	45	45
59	81	80
30	13	83
88	28	68
74	47	34
13	40	88
64	40	55
29	45	41
11	31	71
50	46	17
50	30	70
74	74	74
28	93	33
89	57	24
52	87	96
17	17	17
67	33	36
43	69	25
58	58	58
17	97	86
23	23	23
63	33	25
34	60	79
95	67	45
29	42	44
94	30	48
55	89	29
45	34	22
43	43	43
99	78	22
50	62	23
61	87	39
43	85	87
44	40	48
70	54	73
75	93	11
47	17	47
93	75	31
49	49	49
34	66	28
68	39	95
96	88	12
85	44	85
35	48	79
68	19	64
75	65	33
18	74	59
86	22	57
14	73	14
19	53	44
87	14	54
75	53	36
65	17	69
35	23	24
90	31	14
15	61	44
22	89	12
70	15	60
69	30	73
66	44	39
95	39	25
65	99	60
27	27	27
75	14	98
30	63	52
70	58	36
70	32	30
83	73	33
70	54	42
61	84	56
90	90	90
42	86	17
17	73	16
91	87	92
12	81	31
75	30	36
85	12	75
35	45	40
96	65	97
53	42	53
73	91	10
80	23	11
21	59	97
14	98	34
55	57	66
46	83	80
13	13	13
93	11	60
85	85	85
46	68	63
97	23	41
26	34	82
97	43	74
44	66	93
12	47	24
81	10	81
77	29	78
19	53	19
68	29	83
77	69	43
80	74	48
59	98	25
72	53	82
77	64	91
97	57	49
83	64	38
52	20	20
13	80	33
39	39	39
46	18	38
78	43	71
34	34	67
70	99	77
42	65	53
40	59	90
84	44	84
55	10	94
77	48	41
56	65	74
31	95	20
80	64	84
29	52	87
90	49	95
69	15	31
93	33	56
75	84	77
89	34	17
90	25	68
35	61	34
16	69	54
25	73	88
57	18	19
45	75	57
65	42	16
54	46	58
42	99	97
15	39	13
26	45	25
82	15	83
60	13	72
74	63	90
79	24	22
32	51	32
15	71	13
30	26	15
48	62	92
38	36	97
51	48	90
11	32	81
42	63	42
52	67	52
57	57	46
44	44	44
31	24	67
66	80	89
61	93	61
65	30	39
38	84	39
12	54	31
75	47	36
25	60	13
82	35	14
52	39	37
95	34	88
15	69	66
68	34	62
34	63	60
11	28	11
14	57	99
25	94	48
22	48	92
90	46	84
58	72	82
89	78	87
82	32	69
58	70	69
74	85	76
85	70	88
89	39	29
42	74	84
46	16	22
90	78	56
29	77	80
72	96	40
28	89	58
53	13	93
84	86	44
67	73	57
17	24	96
21	58	57
46	43	54
56	57	64
86	85	63
43	42	46
98	49	86
14	93	80
93	22	93
91	91	91
19	19	15
10	10	10
79	22	60
97	57	18
63	77	66
40	91	51
11	46	55
89	43	86
54	50	79
13	40	13
93	33	37
42	53	29
40	18	99
43	66	79
63	70	81
23	97	82
45	87	21
78	18	11
60	60	60
45	50	14
25	25	24
32	51	24
45	70	29
52	97	61
34	65	63
48	34	31
72	92	23
29	73	73
36	94	50
76	95	73
33	33	33
91	92	91
98	30	29
52	56	72
78	33	64
40	24	87
53	61	12
89	38	89
67	81	81
16	74	47
29	32	64
24	34	48
45	74	92
47	27	98
32	66	44
69	22	69
65	76	89
31	96	96
59	81	74
92	89	68
88	76	53
62	88	58
72	64	35
68	85	72
50	31	73
50	92	94
48	48	48
88	33	86
43	47	44
95	56	61
17	27	16
67	12	52
70	93	20
87	40	87
44	98	99
12	87	47
94	40	78
89	77	23
85	81	29
49	37	44
64	68	63
26	26	26
80	64	73
71	55	71
20	26	71
62	78	44
75	52	14
35	76	95
71	35	97
30	18	12
34	66	89
21	33	21
40	83	23
37	60	38
63	29	87
84	28	76
40	40	40
19	63	74
71	81	71
87	22	35
70	80	70
15	78	79
28	30	47
64	92	83
74	85	26
97	57	15
72	93	36
96	96	96
72	72	72
17	27	75
95	38	82
84	63	77
57	73	73
35	94	21
86	38	86
90	21	54
79	82	81
43	20	31
21	38	28
66	20	28
22	16	45
38	51	53
73	18	13
75	91	18
24	72	61
29	48	36
80	92	59
72	72	72
92	66	33
12	35	63
74	11	29
50	54	86
81	60	81
81	59	33
38	61	46
57	49	84
94	84	42
79	72	97
28	60	61
77	85	73
52	11	37
23	65	50
11	69	45
16	82	10
18	62	34
77	99	46
24	24	24
92	56	41
24	32	86
58	24	52
48	48	48
90	77	89
23	28	99
35	58	31
59	50	82
61	61	61
62	57	25
88	88	73
25	66	14
95	33	49
10	93	60
54	11	61
24	30	38
66	13	80
46	84	35
89	89	89
10	10	10
69	97	81
86	37	44
94	38	92
55	55	55
25	67	94
18	60	71
88	91	37
68	31	33
18	50	69
65	54	40
20	53	84
77	77	77
36	65	30
13	10	93
49	70	49
96	96	96
64	29	62
44	16	52
65	22	56
52	30	80
64	60	84
92	13	24
13	62	22
16	12	39
96	58	93
57	72	33
55	27	30
14	45	65
40	92	72
13	10	92
49	90	58
89	51	89
29	80	12
85	42	89
70	47	11
14	86	26
57	79	69
64	68	89
47	56	23
60	89	55
70	20	88
12	89	10
29	49	52
49	21	44
26	52	42
24	33	77
24	41	27
46	91	62
75	67	16
24	76	24
49	55	51
28	78	37
78	21	97
88	32	79
58	58	58
58	45	57
20	18	11
69	89	40
68	64	65
63	70	32
75	33	97
90	96	58
82	30	99
70	20	99
99	92	63
94	93	40
88	23	29
87	21	46
72	40	91
48	64	80
53	70	96
83	70	43
97	66	98
69	10	17
67	67	67
44	83	44
39	22	70
27	27	80
26	77	31
15	42	36
47	56	41
79	23	38
82	35	60
84	96	18
52	30	60
81	52	67
36	74	35
82	80	70
14	88	57
90	27	20
19	33	13
27	95	54
37	56	42
18	10	87
14	36	42
64	73	81
10	19	10
12	70	18
86	36	23
58	55	44
90	39	64
41	39	41
54	24	47
95	55	33
48	92	84
78	22	96
18	39	52
37	37	37
21	38	78
72	88	30
12	32	32
56	64	56
70	95	94
25	71	10
28	72	96
19	24	84
89	92	36
86	16	61
80	30	28
26	44	77
10	88	99
39	36	37
73	73	73
78	68	86
18	19	86
98	53	73
74	46	81
10	92	17
59	79	97
20	88	55
57	57	14
90	12	54
86	63	90
83	83	83
85	61	88
38	22	85
19	97	65
27	41	87
98	48	58
96	88	52
32	93	72
96	69	38
90	99	90
88	97	32
83	83	83
47	12	11
50	70	32
25	35	72
57	13	53
80	57	58
99	66	58
31	74	89
93	67	72
17	94	81
63	34	58
11	57	83
89	53	26
91	70	91
51	45	95
54	54	54
86	76	85
74	17	30
74	90	37
49	50	40
95	12	20
27	39	41
70	85	39
23	68	28
76	91	34
60	18	63
47	47	47
83	65	28
44	76	64
88	60	89
81	32	67
14	78	87
18	76	80
70	42	92
57	49	65
99	37	49
99	29	79
16	16	16
15	77	91
28	49	28
56	68	70
42	66	46
76	38	41
96	96	96
37	28	86
80	58	87
13	18	99
41	58	71
59	96	37
76	46	15
70	31	32
48	48	48
83	79	59
68	38	90
40	36	63
41	90	20
41	41	41
81	86	77
59	91	32
80	46	37
50	50	50
44	67	43
47	71	11
40	85	28
81	61	27
48	13	69
94	62	72
86	38	53
36	36	36
88	90	76
94	28	52
85	39	90
40	98	77
85	98	25
11	42	10
90	16	90
58	37	57
76	20	79
57	48	96
25	75	45
89	74	76
61	27	47
51	51	51
13	50	15
75	28	37
65	65	65
73	73	73
84	61	41
58	72	28
18	64	54
75	69	61
71	46	46
82	46	82
44	42	19
52	52	52
12	10	19
98	91	34
93	51	96
52	52	52
90	89	82
76	54	28
65	44	18
71	37	38
34	43	63
92	45	14
36	56	82
23	27	96
53	73	42
58	42	13
19	86	24
57	36	86
40	50	45
19	62	81
53	41	19
61	11	38
60	41	63
50	41	69
87	41	96
13	37	45
96	60	46
78	77	38
56	97	75
22	22	22
77	93	46
21	44	85
33	65	71
65	70	65
73	12	40
89	66	60
26	92	32
44	44	44
43	91	75
90	35	39
13	31	74
74	62	41
54	84	97
40	43	31
85	47	30
81	37	84
52	52	52
94	28	27
51	82	90
59	94	44
57	14	90
65	10	31
47	77	43
27	13	54
21	26	36
12	57	61
87	92	94
59	46	64
93	97	83
74	48	65
55	49	33
41	77	74
18	49	51
54	82	22
80	49	62
24	42	13
64	92	12
47	69	75
82	72	59
53	55	64
91	35	24
16	87	75
98	74	43
26	47	27
85	16	56
18	89	27
69	78	66
38	77	14
60	93	34
17	38	91
16	38	12
84	79	27
26	69	72
30	18	43
48	42	67
91	81	40
74	74	74
40	75	66
59	60	85
91	30	17
99	95	79
73	70	12
12	49	75
28	93	98
87	52	87
87	57	74
70	74	94
84	28	89
70	73	53
16	16	16
98	32	17
36	81	36
26	95	46
57	86	57
99	13	24
81	98	96
12	29	68
48	66	99
76	92	18
75	36	35
14	14	14
94	17	61
52	85	52
96	37	98
71	55	18
43	29	43
54	73	97
63	32	63
40	15	82
65	50	32
47	38	14
19	28	78
98	74	41
85	23	96
28	28	28
65	72	67
67	73	63
26	68	52
85	23	85
66	74	70
51	53	77
86	40	86
46	61	70
35	20	51
27	70	17
28	88	62
39	39	39
23	95	17
63	82	22
95	39	76
55	32	25
80	45	53
86	99	72
44	91	40
39	13	74
45	58	31
91	45	91
68	86	98
41	83	41
64	19	40
13	99	84
99	99	99
13	92	13
73	18	36
57	93	61
87	72	90
35	27	55
88	37	58
62	62	62
63	49	48
55	82	61
20	47	41
79	67	15
21	21	21
46	60	39
32	94	99
48	33	21
52	65	32
50	96	75
52	29	17
94	46	37
95	52	43
26	48	11
56	90	38
46	94	52
46	89	46
30	11	30
96	60	28
49	53	49
94	88	32
38	79	34
52	85	85
58	97	12
21	80	84
47	47	47
15	54	98
96	72	21
16	12	62
21	74	72
34	38	84
20	74	20
66	18	86
99	99	99
85	85	19
18	28	41
31	99	23
77	70	83
92	61	47
98	26	22
34	62	73
49	29	93
95	73	58
67	94	90
37	13	38
34	47	27
10	10	10
68	36	80
58	77	92
29	13	22
13	35	66
31	34	15
11	11	20
90	42	58
11	11	11
36	31	36
31	34	14
67	49	16
44	30	69
56	67	34
87	54	13
89	75	65
20	97	83
76	97	78
51	35	82
20	54	61
76	76	76
76	31	12
91	83	10
46	47	60
88	91	88
61	72	87
45	23	18
33	83	16
54	95	56
67	35	81
72	93	73
14	98	32
14	44	76
78	75	65
62	40	67
63	42	82
36	90	55
51	50	37
35	61	45
20	29	34
92	69	62
41	36	29
72	25	70
23	88	80
37	47	42
10	95	37
17	73	10
95	95	95
30	79	73
91	20	12
48	39	65
36	20	58
98	16	46
52	70	80
25	62	99
68	69	46
85	35	96
78	17	76
58	58	58
24	43	58
31	39	41
86	40	36
66	73	44
72	19	56
44	93	81
99	21	50
34	21	95
56	94	65
48	81	59
54	80	84
15	87	39
37	58	10
89	24	34
78	89	78
53	73	18
22	22	22
36	52	67
81	39	31
93	90	75
66	35	61
90	15	93
23	30	27
90	43	61
47	57	47
48	68	27
62	97	73
18	16	50
31	59	91
61	22	60
60	39	88
18	87	46
32	88	86
26	57	38
58	58	58
87	66	23
36	17	59
33	18	76
96	19	96
42	72	10
83	85	82
24	39	80
10	10	10
38	87	65
63	63	63
83	83	83
66	88	83
31	76	75
79	96	53
18	90	18
85	44	59
32	99	29
18	86	96
85	72	32
61	21	97
50	15	50
40	96	62
84	84	84
66	96	66
92	99	45
50	42	60
73	46	92
24	58	24
22	34	27
56	88	47
14	55	11
84	72	91
97	46	64
22	45	22
74	43	58
95	95	95
62	94	32
28	44	36
52	67	80
76	69	90
20	75	12
71	97	46
13	16	95
12	23	37
50	19	87
16	62	10
90	53	26
92	10	40
98	58	57
71	62	59
75	38	75
88	31	68
96	24	66
63	78	23
23	97	21
61	40	29
99	51	90
88	77	88
71	41	50
83	91	77
93	48	46
43	91	59
57	11	51
54	34	17
85	90	20
81	57	53
69	62	80
60	14	70
96	28	12
69	90	95
59	83	66
12	37	32
86	47	67
95	31	16
49	63	98
67	88	57
90	62	95
85	96	65
33	82	88
58	60	85
48	84	91
95	85	77
24	80	57
34	52	57
98	66	68
67	75	58
17	12	74
79	79	79
10	28	76
53	34	85
16	12	78
81	25	36
29	37	37
21	15	38
63	56	77
79	89	60
42	89	86
14	34	84
90	44	32
73	91	66
47	96	24
59	35	85
92	64	96
48	48	48
86	30	64
98	98	98
88	32	73
46	75	86
79	49	88
35	48	41
32	92	28
26	41	12
34	64	87
69	90	78
64	63	30
47	41	67
79	92	96
90	90	90
14	72	69
24	61	22
86	80	86
68	71	92
84	74	58
41	68	54
65	87	87
92	94	83
85	29	57
19	16	26
34	21	81
40	24	98
56	17	43
57	81	60
54	99	54
65	26	11
35	51	21
53	15	85
77	95	97
78	85	39
37	55	35
46	66	82
43	43	43
14	96	93
52	96	69
79	90	63
94	94	94
80	25	86
87	33	86
65	54	63
82	92	79
41	86	94
55	13	59
36	35	56
16	38	16
29	19	56
34	36	91
87	18	60
93	31	92
83	73	21
39	98	43
72	85	50
31	39	99
29	22	97
27	74	74
63	63	63
55	98	43
35	92	69
11	68	36
64	31	72
71	76	88
75	75	75
55	81	86
33	95	23
37	52	27
59	48	85
46	54	61
78	20	43
11	96	94
29	81	30
28	28	28
29	58	44
26	48	19
10	30	79
22	62	29
41	58	62
78	27	45
37	66	42
30	76	54
63	87	19
81	81	81
15	89	85
71	95	24
98	13	59
43	87	90
46	18	67
54	48	75
44	44	44
48	81	45
34	61	56
59	37	59
21	21	48
97	32	46
32	30	27
25	42	25
66	66	66
84	61	68
26	88	39
65	65	65
26	45	18
14	43	51
20	22	26
68	33	82
28	28	28
44	90	21
43	26	59
27	43	29
51	19	55
14	72	96
41	35	16
62	82	89
23	32	28
94	62	14
34	14	59
35	18	92
71	94	41
18	19	87
45	54	77
65	90	65
51	68	48
36	75	11
54	90	69
29	91	18
85	75	77
80	36	36
44	52	11
13	55	71
42	17	67
54	84	46
29	29	29
76	90	23
96	96	96
11	88	52
73	30	86
55	55	55
95	90	40
62	87	81
22	42	75
93	23	70
76	71	76
17	95	30
67	90	68
19	18	64
23	16	54
41	54	71
63	47	47
63	23	69
66	67	91
32	73	99
84	59	70
59	87	99
63	34	48
30	53	91
96	49	38
56	25	97
68	54	67
47	23	47
76	24	18
46	69	46
78	82	87
45	30	58
58	71	58
18	66	20
53	15	78
82	40	74
37	78	37
67	21	80
27	44	15
65	46	60
18	53	86
74	75	74
55	72	49
63	23	61
55	40	78
95	95	95
88	88	88
35	51	83
89	46	14
55	94	35
76	76	76
86	35	86
41	39	79
41	12	60
22	40	25
18	35	67
76	46	46
18	81	93
60	64	57
60	66	55
53	43	74
21	69	98
52	17	24
16	83	16
59	18	91
81	93	81
52	79	68
43	71	73
49	83	79
53	50	12
67	60	72
44	51	64
39	88	14
72	49	48
32	29	54
75	39	43
16	80	72
91	17	71
91	17	80
60	78	66
14	12	83
47	16	52
14	18	52
59	26	67
19	35	19
55	95	55
97	73	54
13	96	55
85	64	37
83	64	25
44	21	88
36	93	58
99	61	57
41	64	65
62	70	54
46	46	46
60	33	12
85	85	41
20	48	39
34	16	95
29	99	82
73	66	16
86	51	21
76	58	37
55	32	48
24	41	49
95	54	58
61	51	13
29	79	20
37	39	56
78	31	15
60	45	66
26	31	64
93	32	11
55	30	80
21	90	36
90	90	90
87	10	87
19	61	19
58	56	85
15	38	60
58	50	46
69	18	93
34	66	73
95	95	95
66	66	66
65	15	58
73	42	69
82	15	62
97	52	97
91	82	38
70	38	64
16	16	16
64	59	95
91	97	14
45	82	84
66	23	98
82	76	89
57	57	57
61	35	55
48	56	68
93	78	49
87	53	10
34	31	92
88	70	32
23	14	56
20	37	88
19	54	44
13	37	55
92	77	48
39	42	75
77	34	51
89	31	80
60	64	22
79	87	91
60	24	48
46	65	56
39	99	39
84	12	12
82	56	86
63	63	63
52	51	38
63	86	58
17	35	17
98	34	23
77	85	63
42	30	42
81	87	92
36	33	23
11	11	11
16	49	61
12	51	23
67	87	45
35	53	37
46	82	60
75	20	50
32	86	62
64	76	38
40	73	92
49	49	49
55	26	97
34	88	28
46	46	46
80	34	71
12	12	12
73	90	53
87	62	11
91	91	91
98	56	98
40	71	55
24	26	47
39	44	94
44	45	19
39	98	16
91	92	91
95	84	95
45	62	65
25	31	37
94	75	82
49	92	44
65	27	79
45	55	88
17	98	57
49	49	49
77	79	59
53	98	16
34	91	28
28	83	13
69	42	69
96	28	75
95	98	94
86	67	38
47	48	37
26	80	14
98	50	79
93	87	93
35	32	30
35	97	65
60	55	48
31	15	63
25	23	15
18	18	18
64	64	64
24	27	34
28	24	25
53	12	18
39	56	25
21	27	26
17	26	57
85	14	84
24	24	24
96	84	96
51	20	56
99	79	99
97	11	81
12	66	55
60	60	60
57	43	11
22	31	42
96	70	72
37	14	15
68	68	68
44	52	70
32	56	95
86	57	76
75	69	44
42	93	76
82	82	82
57	59	42
69	60	93
50	74	17
19	53	19
43	65	26
50	76	98
19	38	22
37	25	68
25	76	64
68	86	39
15	13	73
92	43	32
93	62	61
21	61	67
63	70	62
11	11	11
13	13	13
15	64	41
93	93	42
63	24	17
16	28	77
94	94	94
91	47	30
56	58	57
56	29	11
70	37	14
53	93	13
69	57	39
19	47	51
24	85	24
67	78	70
27	16	99
46	68	71
44	24	14
11	27	56
82	59	69
16	89	11
29	29	29
74	74	74
50	75	80
26	98	26
12	12	12
99	16	99
57	67	52
11	59	84
53	91	82
16	78	67
89	73	12
93	40	63
25	58	29
82	33	94
99	42	44
57	49	62
89	79	19
83	65	36
71	95	70
79	79	79
82	84	47
57	38	38
53	78	58
45	48	60
27	97	55
14	71	21
90	90	90
15	42	39
54	36	68
92	47	55
56	21	59
85	39	18
73	13	73
24	95	67
13	19	41
90	38	96
56	91	56
73	80	90
75	34	96
37	63	64
97	79	56
64	60	64
56	43	24
68	70	81
44	15	73
56	25	56
37	74	51
87	70	54
92	25	39
42	19	17
66	81	67
91	16	88
33	34	49
81	91	53
98	25	60
28	75	85
69	15	49
55	16	38
80	81	40
83	19	83
51	65	77
50	31	40
26	31	15
27	84	45
74	62	70
27	85	31
76	79	76
13	38	33
33	76	65
17	17	17
83	40	75
88	95	12
93	93	93
66	66	66
89	61	53
98	97	55
52	24	23
51	51	51
18	35	27
97	97	97
14	49	13
32	86	63
90	49	78
78	97	78
17	64	84
63	44	57
71	36	58
12	21	35
35	62	13
68	57	72
46	58	74
49	64	61
87	39	84
64	91	68
39	61	46
55	61	72
15	72	13
22	61	65
47	59	56
95	78	92
76	88	73
85	21	51
88	92	43
25	36	95
66	91	66
79	14	82
76	68	28
26	98	99
49	49	49
54	25	29
69	82	21
49	31	81
80	39	14
29	74	85
26	36	68
91	85	27
76	76	76
94	57	30
94	27	97
71	16	22
80	40	68
43	24	83
54	54	54
95	50	37
72	53	93
99	38	23
85	72	63
32	26	49
80	73	77
90	18	53
31	78	96
36	47	42
14	10	28
91	50	44
79	10	14
98	76	76
90	85	86
17	76	90
85	84	59
79	55	17
49	73	75
30	73	61
60	71	76
28	23	40
25	59	98
94	51	35
87	87	87
27	19	55
43	24	39
23	18	37
65	24	98
47	31	47
79	48	93
90	33	88
19	68	51
10	30	89
86	23	19
39	70	92
51	71	33
94	31	19
90	29	34
97	72	31
35	35	35
65	39	83
30	40	64
47	45	65
64	48	64
66	89	39
67	49	85
65	72	97
65	47	64
59	85	59
61	16	15
57	32	60
75	99	21
81	54	92
75	48	97
41	56	83
70	70	70
60	43	33
16	16	16
65	36	89
15	72	54
23	18	85
10	49	90
45	55	51
47	30	13
63	71	90
15	67	89
98	44	98
51	58	61
93	30	11
20	85	40
84	69	60
52	28	85
43	60	28
59	57	16
65	82	65
43	69	43
30	36	31
69	35	49
33	72	21
43	12	76
62	78	85
24	14	77
36	36	36
16	38	15
34	18	44
26	58	62
41	92	18
51	51	49
64	57	93
49	12	84
14	96	17
54	43	90
66	51	71
90	75	78
65	89	64
76	24	11
23	73	75
44	91	44
17	61	28
22	86	17
18	22	18
25	42	89
39	42	73
93	75	37
15	40	87
13	70	67
90	17	64
89	64	63
12	95	69
75	87	20
47	58	86
48	56	48
54	74	54
32	77	43
39	22	98
20	71	29
26	59	11
80	58	80
53	25	16
37	51	78
97	53	51
34	60	15
71	26	55
10	53	10
11	97	85
23	16	70
69	93	94
73	17	85
80	24	56
36	70	50
63	51	35
10	68	88
29	12	29
78	32	15
39	39	39
86	50	97
53	65	28
28	67	70
14	29	68
91	94	54
13	64	77
75	44	95
59	70	69
62	71	43
20	62	19
30	61	44
96	21	62
88	88	74
71	65	40
42	42	42
61	19	12
55	97	33
82	61	75
59	17	89
83	68	51
96	78	45
18	10	11
86	18	17
30	46	30
20	90	66
52	31	55
93	68	13
77	61	60
82	59	65
51	10	74
28	48	14
15	21	64
86	54	43
28	15	10
99	99	99
61	35	32
85	85	85
54	63	14
65	96	72
38	26	92
46	99	13
23	64	14
54	54	54
39	71	57
32	31	32
41	41	14
44	42	36
76	41	76
89	59	33
76	47	27
66	68	48
45	76	81
81	59	64
48	62	11
26	49	26
15	77	31
94	24	49
75	94	31
75	73	69
67	67	67
23	46	70
70	52	98
82	82	82
67	20	46
53	40	45
21	36	97
21	45	63
58	53	56
33	96	30
30	55	87
29	57	74
82	11	74
44	55	81
31	90	83
23	64	64
57	20	65
65	48	96
63	71	63
56	56	56
77	25	91
39	71	25
66	66	66
72	45	74
96	58	29
60	37	26
44	14	18
41	28	61
93	33	65
70	12	96
21	14	38
29	95	16
54	79	28
85	81	10
84	46	84
93	19	97
40	78	80
75	31	65
22	67	24
53	46	12
30	96	60
68	53	19
86	18	52
75	99	26
63	26	63
38	38	38
56	16	71
44	28	69
31	22	16
13	24	59
54	30	35
14	43	19
13	80	40
47	86	37
39	52	15
91	37	91
72	77	65
45	32	45
35	35	35
41	76	41
24	24	24
77	29	87
90	28	51
35	25	65
27	51	14
49	88	79
43	20	20
49	40	50
61	42	65
90	48	56
26	21	88
86	28	21
89	49	52
80	17	80
94	74	15
84	86	76
10	42	27
31	31	37
31	28	75
22	90	94
83	68	21
52	16	94
10	51	97
57	32	11
57	57	57
75	98	30
93	91	10
42	30	88
25	37	90
79	31	58
89	89	26
13	20	64
53	85	68
18	51	23
37	37	37
31	88	90
54	50	20
14	75	64
31	65	60
40	68	77
38	18	16
55	41	88
24	30	93
12	75	54
43	87	20
83	37	39
21	93	94
44	42	40
51	57	51
72	55	51
24	97	39
97	37	66
47	98	47
36	98	21
42	23	90
54	69	32
37	85	45
24	63	60
16	76	28
37	95	53
73	44	19
11	16	46
38	14	56
27	23	27
72	48	68
33	33	33
58	26	78
93	76	18
17	27	73
11	29	15
91	64	91
35	75	25
17	43	22
22	36	22
50	15	29
54	75	22
90	81	90
80	34	24
27	61	43
74	15	14
27	42	27
18	58	76
24	24	24
28	52	40
87	21	79
89	71	86
49	70	15
39	71	57
32	58	42
64	30	28
31	74	51
64	38	38
46	72	89
89	57	55
56	94	59
39	78	94
69	52	71
75	75	75
11	43	48
60	69	68
17	75	87
37	24	85
85	43	88
94	10	21
70	91	79
23	56	90
70	19	26
94	64	45
60	42	62
67	54	95
59	57	81
26	95	76
80	34	79
75	27	98
39	65	97
77	77	77
69	60	73
23	38	80
98	88	96
35	63	43
49	56	13
94	60	53
87	21	99
29	61	39
47	46	97
51	68	32
74	95	99
22	57	13
63	85	27
87	88	77
74	33	50
13	58	55
35	38	94
91	22	89
72	57	26
62	29	56
62	90	37
50	55	20
93	37	93
35	90	20
74	98	38
27	17	88
83	12	53
44	10	94
11	72	11
71	63	88
71	19	92
63	62	99
43	67	66
61	58	55
28	28	28
34	34	34
63	28	41
74	19	16
80	71	80
77	44	82
22	18	83
75	34	73
74	99	74
32	32	32
52	52	14
32	25	22
86	83	86
55	45	54
90	27	90
86	36	81
51	23	60
70	13	48
59	22	56
51	19	91
79	81	70
86	41	86
51	39	51
25	64	35
51	96	55
37	89	26
77	44	85
69	53	59
18	27	17
25	70	27
17	63	17
83	36	71
27	44	63
61	59	35
71	14	51
33	88	57
66	71	54
93	37	31
42	82	32
37	74	37
65	44	97
81	42	26
94	78	37
56	90	19
34	38	24
89	82	19
70	61	83
32	73	24
61	20	90
58	58	58
83	54	33
40	40	40
98	33	10
42	95	98
82	75	72
23	47	82
44	41	60
25	38	48
12	71	84
38	20	19
68	56	62
18	81	22
89	47	47
67	72	14
14	57	48
20	90	53
13	37	60
88	79	62
44	25	82
64	34	90
65	15	15
21	18	36
28	37	97
62	86	81
88	19	56
88	74	54
85	99	18
97	32	32
80	52	24
16	28	67
77	53	73
67	78	67
46	63	74
28	29	19
60	60	60
45	95	34
50	50	50
42	35	66
65	65	65
26	77	71
87	18	37
23	36	23
60	35	69
40	50	34
10	10	10
74	18	54
67	34	53
48	68	48
98	21	40
23	95	29
76	53	45
34	46	37
14	89	83
36	81	91
61	11	66
36	30	36
78	89	35
24	88	81
24	51	89
18	38	11
41	13	60
74	87	22
12	19	16
25	64	43
47	10	53
15	34	15
52	30	37
74	38	92
36	76	30
14	45	43
94	77	94
70	70	70
87	58	87
81	82	39
86	71	30
70	79	62
74	79	83
56	36	59
24	15	31
54	89	71
32	15	59
83	74	43
61	98	35
82	98	45
54	32	68
81	49	36
81	18	77
69	29	25
82	93	76
25	80	28
53	70	35
46	15	28
48	78	42
30	85	67
82	89	36
74	33	74
30	85	52
48	52	45
24	97	41
24	44	69
94	60	66
63	44	58
12	41	94
47	36	47
78	50	32
85	58	95
48	38	48
70	29	91
91	91	91
83	13	28
30	30	30
54	38	14
15	48	24
36	92	65
26	62	26
84	57	41
81	39	77
24	43	28
42	25	79
64	79	85
91	48	22
54	80	79
72	57	72
58	58	58
93	73	53
28	64	82
14	71	83
11	25	11
44	63	98
45	52	32
93	28	37
64	64	64
89	97	87
34	22	34
58	70	45
40	75	74
75	42	53
86	44	54
96	96	96
46	75	25
32	28	49
32	82	83
51	30	78
57	54	88
90	68	85
98	33	48
64	60	32
63	63	63
99	79	99
29	81	56
92	87	84
64	43	23
54	18	54
91	97	31
64	67	35
16	30	16
26	76	95
77	75	33
22	79	52
75	75	75
19	54	19
35	62	74
40	40	40
32	48	82
25	74	24
85	24	19
34	78	40
69	69	69
24	10	70
85	86	22
30	33	35
70	70	70
20	52	86
26	96	85
64	97	22
13	28	64
89	57	89
53	92	18
15	80	52
24	86	19
11	63	41
20	89	35
26	97	70
84	72	84
59	59	59
99	99	99
18	86	20
83	55	34
66	35	80
43	43	43
60	35	14
38	99	84
60	84	83
20	60	29
51	12	93
51	54	35
44	39	17
83	81	35
28	51	28
81	51	53
59	15	39
58	42	95
43	98	43
31	77	11
38	35	55
80	83	51
99	11	37
39	10	27
51	86	88
20	37	29
13	49	81
34	59	80
74	90	89
82	45	89
30	59	97
52	46	65
53	63	15
59	29	63
79	29	98
60	96	17
75	47	78
91	91	91
87	94	58
21	85	65
63	82	14
11	61	89
55	39	57
16	84	45
10	71	69
71	37	64
40	88	82
43	61	74
62	97	69
46	79	87
49	93	20
21	45	80
56	56	56
50	75	88
32	71	22
12	11	98
92	49	27
47	77	65
97	80	62
37	99	22
91	96	73
80	94	72
46	92	73
17	12	31
19	60	20
58	27	58
81	76	81
53	53	92
83	92	77
82	82	82
96	91	77
40	85	98
89	45	55
92	21	96
63	20	74
26	83	50
28	17	76
97	76	47
68	55	41
47	47	31
76	93	48
85	26	65
57	44	83
81	68	58
26	74	82
17	78	87
79	61	11
35	69	36
81	21	93
33	72	44
78	88	82
11	20	73
16	38	31
19	19	19
22	42	28
15	81	13
45	44	52
91	79	87
81	81	81
23	23	23
90	45	34
46	70	64
30	16	21
72	86	83
31	33	31
47	13	47
25	89	90
10	19	32
31	25	25
18	84	32
62	48	62
44	23	10
63	33	61
40	25	78
62	63	29
10	40	63
42	60	79
41	41	41
86	19	13
97	63	54
92	16	55
60	95	60
13	59	41
12	53	99
13	73	46
53	60	31
46	86	26
36	15	35
33	76	56
37	77	76
54	63	27
28	69	93
51	64	31
27	42	96
97	28	38
36	27	16
59	67	59
83	68	90
66	21	17
69	54	16
94	80	49
36	35	32
11	62	54
67	15	63
59	52	83
14	14	14
41	55	41
95	44	85
57	45	52
14	66	89
63	90	66
52	97	94
25	33	28
89	31	98
33	30	69
23	10	63
28	30	45
90	54	47
98	50	53
33	27	31
83	68	75
43	31	92
51	43	29
95	88	46
45	83	87
62	25	62
95	78	57
60	55	52
69	62	78
65	30	49
45	81	66
27	27	27
67	69	76
73	85	44
49	45	63
82	14	97
62	37	23
24	21	73
80	40	34
99	85	20
41	41	41
10	27	32
95	82	74
40	56	24
61	21	16
19	20	98
96	94	43
76	47	81
97	89	52
97	66	25
53	71	17
85	13	85
90	29	51
10	49	70
93	74	77
71	69	50
52	94	96
35	87	89
96	61	77
77	48	85
58	95	45
40	40	40
99	39	40
95	33	95
22	59	53
41	96	44
33	83	60
56	58	82
41	27	59
67	31	13
54	52	38
99	52	35
81	59	98
44	93	44
47	50	80
95	99	49
20	93	63
81	55	21
13	33	58
81	28	65
88	86	20
13	72	23
99	13	85
87	96	16
86	21	86
23	92	64
77	44	36
33	83	89
18	42	81
10	48	58
85	22	61
71	71	71
21	17	58
64	77	90
56	26	56
78	38	78
75	43	38
64	83	31
33	84	28
44	44	44
32	57	93
79	66	44
45	31	71
78	79	66
80	55	79
30	88	24
55	18	44
28	49	67
98	49	27
11	23	59
31	27	25
77	78	51
92	15	92
37	87	61
38	22	41
41	38	23
17	38	35
19	71	19
49	97	39
56	56	21
24	61	70
34	24	34
48	64	76
62	25	47
43	77	89
40	82	54
34	34	34
56	68	71
53	68	95
58	58	58
83	92	83
46	71	83
36	40	24
31	15	52
70	70	70
75	82	33
19	52	96
76	44	66
84	84	92
22	54	44
79	78	58
86	57	22
79	79	79
84	44	32
87	48	33
19	61	11
47	88	89
46	46	46
31	93	87
34	23	41
32	17	90
54	54	76
20	20	20
58	71	59
23	64	90
55	46	88
47	69	82
39	98	44
49	54	53
48	37	76
63	64	55
68	26	65
17	65	24
86	10	37
60	37	69
62	62	62
28	70	90
82	24	26
23	42	53
84	40	23
48	10	63
35	94	56
57	46	12
49	17	49
71	84	63
27	83	66
37	97	57
27	16	78
87	68	99
76	40	80
26	26	26
63	47	79
52	38	35
59	88	36
21	21	21
13	84	85
87	13	29
60	60	60
80	36	40
59	42	50
85	97	85
22	87	93
79	61	78
49	18	46
66	57	75
13	66	74
71	44	76
84	27	32
59	99	41
89	16	89
50	95	47
40	37	16
56	23	35
45	84	99
32	85	57
67	25	36
64	64	64
75	96	89
57	21	94
11	99	11
44	58	57
64	48	80
24	11	72
79	54	70
48	94	87
21	91	66
36	43	36
97	28	99
37	25	74
55	48	15
91	13	88
49	71	94
12	89	12
99	75	39
61	55	86
33	30	72
72	86	25
90	36	10
36	33	30
55	22	85
80	19	30
45	27	40
29	98	96
54	54	54
29	29	29
37	34	73
20	44	62
62	65	28
72	95	22
86	26	86
89	78	40
16	61	11
96	96	96
84	46	62
30	47	34
77	61	15
56	62	56
42	13	65
11	64	49
28	33	26
91	75	15
51	54	84
54	56	28
72	97	19
80	80	18
66	98	44
54	45	80
33	43	75
20	39	20
67	67	67
31	23	32
47	47	47
53	19	25
18	76	96
38	31	41
61	70	79
77	53	77
40	23	41
66	61	37
79	13	87
78	49	68
51	51	51
49	87	61
15	41	72
95	44	55
35	35	35
57	83	17
79	18	66
33	90	31
10	78	61
41	65	42
38	20	38
99	64	33
79	35	47
33	15	31
54	33	65
80	80	80
28	75	36
23	80	56
68	67	59
75	75	75
36	43	63
70	10	76
78	41	52
14	99	70
58	36	30
74	83	62
87	57	66
21	98	88
13	22	14
24	11	43
71	11	63
16	43	34
26	23	43
84	85	68
10	81	26
46	32	50
72	50	68
85	93	95
78	74	86
89	78	97
39	42	79
89	85	64
84	93	57
18	93	18
86	86	86
35	94	97
68	34	60
40	71	66
10	38	74
95	95	95
44	70	14
49	84	92
94	88	62
60	42	32
59	69	59
62	25	77
81	81	81
97	29	76
55	79	79
22	76	12
12	12	12
55	21	45
34	16	98
57	85	81
40	65	58
35	19	50
86	22	69
23	85	10
86	84	97
48	80	32
56	43	56
88	46	59
46	70	14
47	47	71
85	26	86
67	82	43
86	73	58
66	36	58
34	34	34
64	56	64
42	60	58
56	56	56
63	25	65
97	55	31
21	88	73
50	51	62
57	27	86
24	24	24
77	77	77
74	74	74
33	88	44
17	74	17
36	17	84
45	38	67
82	16	17
41	85	96
69	21	87
69	82	85
49	17	75
88	96	33
82	23	17
26	80	39
68	90	81
40	36	40
63	52	59
75	41	93
45	62	92
56	14	45
88	53	43
58	35	35
11	11	11
39	63	52
80	80	80
16	97	33
10	10	10
19	19	11
20	54	20
79	65	90
92	62	78
10	41	63
60	12	37
97	86	97
41	41	41
79	77	67
51	17	90
57	16	85
77	55	67
47	79	22
46	67	14
41	74	46
33	74	87
50	15	50
76	57	47
74	94	25
10	64	76
83	13	62
82	69	68
30	30	30
35	38	17
10	10	10
47	59	79
69	97	42
50	59	54
17	89	60
15	36	94
71	57	91
63	72	62
33	89	34
16	36	66
76	83	62
99	69	57
42	86	42
41	91	41
78	97	75
62	62	62
79	69	41
87	94	40
85	68	85
67	57	48
75	58	75
61	61	61
44	35	95
51	33	75
27	75	79
63	21	17
53	53	53
83	66	83
79	72	78
68	29	36
44	82	42
35	25	95
67	11	93
28	17	51
57	49	19
54	96	46
44	85	79
87	83	25
68	99	46
77	79	58
94	80	94
95	72	39
90	95	90
81	31	26
44	92	89
57	13	90
75	48	65
99	72	99
24	53	55
89	18	50
56	63	36
68	88	53
92	82	71
90	23	44
90	31	53
91	46	73
49	62	75
21	22	56
77	47	18
42	82	51
76	73	46
35	20	15
66	92	66
39	16	65
78	67	12
20	20	20
18	95	29
76	26	97
95	20	95
62	80	25
35	27	56
17	17	17
22	84	94
36	95	51
23	19	32
71	71	91
73	97	25
91	48	34
15	62	90
27	21	61
67	38	54
26	95	45
48	80	82
24	68	64
87	71	32
61	28	16
59	19	93
44	52	45
95	13	86
35	79	90
58	57	16
96	55	96
97	88	95
38	86	74
71	32	91
84	84	35
81	38	46
12	13	28
37	56	89
17	17	79
48	15	42
35	48	35
20	80	22
69	51	12
35	67	52
15	15	15
76	15	12
75	96	87
46	78	80
43	43	43
65	15	54
81	63	38
92	42	29
15	77	74
73	64	94
56	86	32
81	99	90
71	60	50
22	67	20
14	58	61
79	68	48
11	20	74
94	40	69
92	52	30
54	37	47
26	26	26
97	35	37
22	61	16
60	86	21
81	98	70
62	37	95
52	31	34
57	63	57
69	13	38
65	14	65
68	25	74
17	83	97
96	57	96
68	37	68
17	17	17
78	69	75
37	37	37
82	82	82
74	66	10
39	16	80
38	10	38
39	23	66
47	17	22
97	48	68
44	41	86
41	38	59
72	88	85
48	44	89
23	89	83
66	53	82
91	47	48
73	91	31
35	35	35
21	95	21
63	58	46
55	58	90
88	56	57
34	50	70
57	22	28
59	44	57
44	41	86
42	11	90
24	10	97
54	16	42
18	61	59
87	72	87
20	11	18
56	69	59
33	59	19
56	25	29
92	92	92
82	82	51
12	23	28
23	92	97
84	57	64
58	52	89
35	20	25
18	83	25
74	28	16
20	41	61
63	27	59
95	47	50
40	92	51
92	97	85
39	76	22
66	50	80
27	90	13
18	60	81
28	28	28
82	77	63
23	55	64
87	14	46
55	67	32
49	88	73
97	42	97
95	88	94
89	86	64
71	35	90
13	24	11
21	15	78
13	56	65
58	32	19
19	48	98
77	77	77
56	56	56
24	97	32
83	25	31
40	99	33
81	88	59
13	10	50
95	95	95
98	18	18
99	20	21
22	38	22
22	22	22
99	98	63
46	46	46
24	69	92
62	62	62
70	76	43
92	88	21
78	78	78
99	55	65
27	23	75
58	28	51
33	55	12
95	95	95
18	70	97
77	30	23
46	60	91
56	11	47
74	46	25
98	44	40
43	91	70
36	30	36
38	14	96
73	64	14
31	28	42
72	55	19
43	89	91
54	89	51
40	75	26
62	23	62
44	39	16
25	58	74
11	17	62
64	64	64
84	22	61
56	11	24
32	93	95
13	83	68
95	25	55
33	23	72
93	93	93
63	63	63
24	44	50
18	22	88
64	54	49
69	67	92
43	38	64
24	95	11
71	15	78
74	43	19
94	68	94
67	27	69
85	54	27
79	48	84
20	40	13
48	70	21
34	82	47
70	42	33
49	49	49
87	98	83
59	73	16
56	65	75
63	39	63
16	92	72
60	89	45
57	89	74
37	91	67
23	32	23
66	68	59
47	25	46
35	77	72
84	70	31
76	11	13
13	95	64
67	59	83
91	39	74
41	52	63
60	29	47
70	13	59
65	65	35
52	61	53
68	80	68
55	96	89
86	86	86
88	67	88
63	99	59
36	13	82
80	98	27
66	60	67
87	67	87
28	28	48
94	73	85
76	44	92
51	23	90
35	29	19
33	90	28
49	22	91
17	64	18
17	23	85
31	68	70
60	33	66
98	19	32
14	54	98
64	53	30
87	15	50
22	44	54
64	29	38
25	55	19
98	41	95
62	24	83
78	48	38
55	83	92
64	64	11
84	26	49
18	43	38
33	33	33
97	61	25
26	91	21
16	34	16
44	40	22
46	75	59
45	19	63
45	58	68
12	48	20
93	14	42
55	37	13
25	97	79
69	69	69
17	37	68
84	94	28
95	29	90
42	43	58
17	16	91
47	79	11
11	54	50
66	46	31
60	19	48
95	16	76
88	52	49
11	45	53
14	92	18
84	67	84
62	62	62
98	67	29
40	12	18
58	14	57
30	92	90
67	10	33
26	32	19
76	16	87
44	25	72
12	84	46
47	32	85
13	31	75
98	43	56
18	93	31
79	89	79
15	30	44
83	63	67
94	46	86
55	40	22
81	88	81
18	62	24
30	52	96
83	86	23
44	76	33
71	16	31
60	78	60
45	48	56
30	48	85
51	50	64
69	27	32
33	46	44
12	41	40
26	92	28
45	40	63
95	91	98
31	52	11
93	82	16
98	13	42
40	47	40
84	84	84
39	64	17
42	48	30
59	40	19
44	85	26
41	97	43
87	61	60
99	20	27
39	74	17
20	20	20
58	98	53
73	14	85
41	30	67
81	87	21
49	23	16
69	77	96
57	58	32
88	17	16
94	34	79
18	16	75
73	71	30
95	90	95
95	18	73
41	33	41
29	29	29
24	44	89
62	11	69
86	37	31
26	44	26
88	88	88
21	75	52
93	95	10
10	12	44
93	49	24
55	76	79
61	63	41
63	26	11
70	70	70
90	37	44
93	76	81
46	47	77
45	96	92
40	64	84
83	10	98
44	10	53
86	86	86
84	81	46
25	49	66
91	66	38
36	53	87
92	78	80
46	93	55
13	28	16
58	27	77
44	44	30
77	72	20
75	54	73
16	11	13
32	93	81
73	60	45
18	75	31
58	58	77
73	83	21
59	54	18
57	23	46
50	62	92
14	14	14
99	32	50
58	34	40
49	82	33
29	51	76
21	73	21
95	65	69
46	63	17
36	13	65
33	82	13
39	40	72
60	74	32
21	77	48
64	65	63
18	18	18
86	83	66
35	84	63
34	96	97
14	14	14
36	26	21
27	49	91
47	54	64
77	18	74
36	23	13
68	67	58
90	82	81
69	72	71
51	51	51
79	41	45
80	20	98
23	23	96
41	37	41
72	72	72
14	46	83
43	83	61
51	51	51
79	83	21
56	75	45
94	61	11
72	96	72
43	36	82
39	62	10
37	58	89
82	61	69
39	10	93
81	81	22
67	59	45
52	10	12
98	27	98
45	71	90
55	10	76
42	43	10
66	64	66
78	22	52
81	59	22
75	75	75
19	90	98
66	82	22
19	10	58
54	18	44
32	29	63
96	88	27
40	66	34
66	51	13
96	10	78
81	10	39
55	67	65
90	37	64
78	64	66
52	75	34
13	15	15
72	72	72
95	58	59
72	11	86
38	86	48
77	77	77
44	44	44
50	62	94
48	61	92
29	15	45
51	88	98
27	66	17
87	37	98
29	47	24
20	17	79
76	93	12
36	98	23
67	49	67
83	54	93
34	34	34
82	90	44
28	28	28
33	64	53
89	23	67
50	79	74
65	23	71
23	54	77
46	64	36
17	40	48
29	11	44
97	95	72
13	26	45
74	14	74
78	86	14
35	87	64
19	40	53
74	74	74
27	82	47
29	28	80
68	66	44
42	96	54
20	41	37
25	45	25
53	23	10
40	35	40
34	34	34
53	96	37
25	11	25
86	55	95
56	13	44
55	38	55
94	66	29
13	20	12
76	45	95
98	82	98
50	52	31
13	72	93
87	50	98
22	45	22
97	97	97
20	17	78
57	66	72
51	45	86
41	26	45
35	47	79
25	85	63
97	81	34
29	29	29
30	77	70
66	28	68
59	17	20
72	37	96
72	13	92
69	20	69
26	45	26
57	77	27
96	26	81
90	70	61
69	97	62
27	85	67
55	58	64
47	91	74
95	20	57
55	31	82
99	59	42
50	59	29
72	20	29
48	62	65
99	95	91
58	50	89
95	12	40
95	25	35
87	71	82
85	90	82
92	66	96
13	68	48
99	70	58
69	80	97
32	36	47
37	23	17
50	83	50
39	16	41
37	76	78
87	93	87
15	93	81
65	28	92
90	61	25
41	29	74
50	39	50
56	58	68
24	35	23
74	86	40
21	24	84
75	61	25
98	48	98
66	52	51
17	59	72
93	72	93
55	88	55
48	64	42
94	42	70
76	37	80
31	45	31
85	85	85
37	68	53
58	93	58
12	20	92
74	89	92
37	67	19
19	67	44
95	14	56
83	83	83
82	82	82
20	53	47
72	59	59
70	58	14
50	15	50
97	63	59
84	22	19
58	80	36
49	49	49
46	55	29
77	85	67
34	38	82
56	94	60
59	49	74
46	46	46
33	21	10
52	44	14
99	55	22
95	95	95
72	69	37
97	80	65
55	99	30
23	37	92
22	89	10
14	37	60
92	74	90
64	83	44
71	79	90
10	35	45
47	25	47
83	68	36
70	29	50
81	18	99
39	93	68
43	99	86
89	89	89
86	36	75
61	73	61
52	38	85
91	36	24
10	47	98
83	82	89
78	44	61
54	43	81
82	41	95
14	23	25
93	93	93
49	38	68
22	68	61
17	76	97
58	54	67
68	52	59
69	66	34
71	71	71
26	74	34
23	79	13
37	26	21
98	20	90
91	91	91
55	44	54
66	19	35
99	36	99
88	48	44
53	55	98
23	23	23
47	47	47
79	35	51
28	91	35
77	20	64
58	44	36
10	45	79
16	31	21
38	88	62
62	96	50
61	30	83
79	96	16
70	70	70
43	56	30
96	79	68
89	57	57
54	54	54
80	62	65
19	25	67
19	18	91
16	76	89
82	61	43
31	48	57
20	90	35
81	90	62
81	22	74
70	71	70
84	13	26
29	29	71
71	68	30
45	47	45
25	24	91
69	86	62
65	78	85
22	22	22
68	67	68
23	91	90
96	30	32
70	22	81
42	66	90
92	82	84
54	90	33
39	39	39
77	95	42
45	55	29
94	92	91
95	39	69
40	17	43
15	97	14
24	88	52
46	34	12
46	62	32
62	98	83
66	86	40
69	62	65
48	51	19
15	49	17
70	36	68
77	85	51
16	23	73
38	58	36
84	69	64
95	53	60
23	91	39
40	27	78
84	20	46
34	77	58
57	22	19
11	71	59
34	34	11
25	84	83
20	79	86
73	32	12
28	94	21
10	81	20
68	68	17
60	18	72
86	58	86
77	35	30
79	69	37
40	23	75
43	74	59
51	72	27
61	61	61
32	32	32
75	60	42
99	41	12
47	42	94
75	44	11
14	18	25
29	54	75
31	60	53
82	41	27
20	69	19
32	65	99
71	71	71
66	45	55
54	65	26
87	89	45
44	26	34
63	45	63
64	55	51
25	32	82
47	86	23
55	53	40
42	29	81
73	82	36
68	82	19
81	41	81
65	17	11
57	13	45
90	68	34
45	73	72
42	95	61
65	76	23
41	72	98
34	27	95
69	46	14
10	57	39
36	51	53
70	55	47
81	89	81
28	69	11
10	77	10
96	90	37
17	46	86
89	28	42
79	79	80
79	64	61
41	56	58
58	51	75
79	28	73
44	13	16
99	37	52
48	97	81
41	38	67
60	87	96
48	52	80
60	16	37
76	57	61
13	14	17
60	69	76
51	60	70
56	16	13
56	56	70
42	70	97
83	77	71
56	80	75
78	76	54
10	45	25
69	69	69
57	43	24
90	72	20
73	88	38
76	41	32
80	11	34
96	54	98
39	31	12
22	66	61
16	65	77
21	17	40
38	31	84
56	19	39
45	73	42
15	15	15
20	80	43
24	33	50
88	23	38
18	46	89
13	36	54
43	33	88
35	55	35
71	71	71
88	20	88
32	45	73
15	96	39
35	47	18
44	87	59
11	11	11
79	27	62
47	43	90
59	60	48
66	52	43
51	58	64
81	39	49
62	16	37
79	77	81
92	57	33
84	49	73
45	49	50
30	62	33
18	93	77
53	32	55
89	71	66
56	96	56
42	65	16
59	24	59
26	53	68
98	79	81
62	94	24
74	82	69
95	16	36
52	86	90
87	73	40
45	12	53
24	53	83
48	51	32
41	96	21
27	58	92
89	38	50
63	70	51
38	25	14
69	83	69
64	50	29
33	33	33
54	61	70
25	43	17
48	62	48
80	16	69
98	89	18
49	18	58
83	83	83
77	54	83
98	98	98
83	11	67
46	46	46
65	52	87
17	84	97
53	62	64
36	33	33
87	82	20
47	51	69
31	64	81
59	59	59
14	23	81
30	46	32
31	18	39
82	42	35
65	25	99
88	80	10
69	22	73
73	10	42
10	29	13
23	35	41
93	41	20
89	24	39
66	66	66
18	44	23
82	99	50
46	22	85
78	13	78
62	63	62
64	97	64
64	80	47
78	21	81
73	73	73
77	39	46
99	67	45
17	82	60
45	53	52
74	85	50
68	25	16
35	35	35
34	72	72
44	84	23
61	34	54
89	60	89
53	96	84
52	39	51
93	23	32
73	80	48
90	71	15
43	71	31
34	99	86
37	87	89
74	74	74
48	12	65
67	73	11
82	91	73
81	17	90
93	36	99
43	43	43
57	97	40
40	15	32
60	98	58
46	23	97
97	52	34
21	13	52
75	96	67
85	60	65
75	85	23
95	78	88
70	70	70
14	72	11
37	63	82
64	40	45
86	58	57
21	39	26
43	25	33
81	92	97
22	58	65
21	13	45
64	42	42
24	46	98
75	55	57
21	40	53
71	43	52
38	93	49
18	93	74
11	83	22
94	33	86
10	79	21
59	94	67
89	46	23
97	33	88
81	34	37
27	50	39
20	65	20
24	37	55
98	16	73
46	98	16
70	45	87
76	51	25
18	64	27
35	84	69
77	83	49
91	91	91
44	49	12
78	18	53
21	65	51
88	90	27
24	46	83
21	21	21
52	41	98
24	25	76
27	41	17
22	41	10
96	79	96
97	66	34
46	46	46
75	75	75
73	24	81
83	38	48
29	47	80
70	44	29
32	32	32
38	98	71
55	34	34
55	10	65
68	27	15
92	17	16
45	47	77
82	61	58
84	67	33
95	22	61
69	79	43
40	85	30
30	92	78
18	57	36
94	52	48
11	94	64
79	56	92
65	13	69
96	41	28
18	18	18
13	83	13
27	40	23
46	31	22
74	99	85
14	87	46
62	33	55
22	37	55
93	53	19
35	89	97
74	28	86
92	13	90
60	50	85
93	85	39
19	76	31
30	90	96
24	90	63
44	47	14
19	46	23
52	68	69
50	60	81
98	96	13
11	16	85
70	86	61
56	81	25
52	83	52
59	36	59
63	18	75
47	43	22
12	61	32
66	16	88
69	44	27
45	54	30
80	57	58
61	21	21
22	68	52
21	40	70
55	42	28
29	91	73
93	23	38
54	12	41
54	95	78
24	29	24
14	83	75
58	58	58
69	48	83
99	39	66
18	98	32
60	64	57
37	37	37
19	47	94
25	59	83
16	22	91
71	35	93
15	61	97
83	81	57
92	93	55
61	45	22
59	25	97
47	72	61
11	84	63
50	55	72
11	66	47
35	39	58
14	77	42
20	20	20
71	57	85
19	53	17
50	38	78
60	55	76
32	37	43
85	13	32
96	39	48
19	61	16
81	31	46
85	42	85
82	83	62
44	23	96
15	30	24
20	89	63
99	48	93
97	26	97
86	28	90
23	76	75
95	64	77
61	17	47
67	93	67
43	89	38
53	26	79
87	40	33
43	24	45
65	81	65
65	65	65
49	60	96
33	48	66
79	84	51
73	73	73
71	11	45
57	14	57
17	17	17
37	44	47
95	58	24
59	30	95
18	74	81
48	24	57
99	90	62
17	70	43
86	46	15
22	86	65
51	38	40
36	90	76
22	86	30
14	96	98
89	86	55
71	68	64
61	58	82
30	30	30
69	69	69
69	69	69
17	17	17
65	83	50
27	27	27
64	14	22
53	64	78
95	14	85
99	99	99
87	87	87
86	20	17
89	42	64
94	14	10
61	19	23
60	98	75
65	41	61
35	48	35
43	57	82
45	24	45
51	11	22
63	17	18
88	45	80
93	93	93
64	78	61
13	36	56
21	62	60
64	29	34
35	31	72
65	75	65
81	84	52
72	49	40
37	61	13
36	84	56
38	56	29
42	15	79
36	71	81
37	19	63
24	88	38
73	28	81
23	31	76
51	14	51
66	70	69
11	11	11
26	30	70
45	45	45
85	85	85
15	94	42
71	68	59
54	29	73
93	27	80
92	60	53
16	29	16
46	46	46
71	48	73
58	71	90
30	54	86
97	54	42
54	50	14
52	61	73
35	44	36
55	53	44
29	69	29
61	43	70
87	86	67
70	87	70
96	98	11
86	27	56
78	16	78
83	31	45
18	91	22
48	77	26
82	57	59
69	62	37
86	62	80
18	60	14
89	94	89
85	16	87
11	91	10
83	83	83
69	17	82
38	41	54
26	21	74
22	67	65
62	75	45
79	79	79
90	66	31
91	87	36
54	62	85
89	27	93
95	63	86
94	72	74
75	28	75
59	90	97
34	40	92
10	89	82
29	29	29
36	80	85
15	44	15
35	87	98
99	29	25
64	70	55
14	89	58
16	60	55
82	41	82
20	35	58
22	91	71
57	53	46
66	34	40
39	64	37
74	42	40
28	28	28
38	21	27
75	34	75
63	23	60
53	74	28
56	98	73
80	61	73
21	69	28
25	25	25
21	89	12
61	82	38
30	27	83
40	48	83
60	54	55
79	75	79
46	31	13
66	96	91
98	32	32
93	86	74
16	33	56
67	43	37
66	12	62
13	91	13
44	56	81
38	32	45
17	30	67
22	74	55
33	68	11
95	70	84
78	82	82
60	52	91
45	97	91
46	45	83
33	68	91
75	54	27
15	15	15
34	47	56
69	83	67
35	77	18
60	86	42
20	91	85
15	35	99
86	73	86
98	88	65
49	11	19
98	46	94
81	15	23
42	61	24
44	84	53
36	90	45
71	31	35
18	81	48
69	40	46
91	85	88
46	74	34
84	84	84
17	10	78
28	39	28
60	22	35
14	47	53
51	12	81
58	48	58
61	81	64
68	62	22
21	66	58
34	49	82
27	14	81
14	29	36
63	31	80
63	71	63
51	35	95
84	54	27
56	23	52
56	10	49
48	35	81
90	86	31
20	13	20
92	18	93
60	11	97
50	78	84
78	18	67
26	53	93
98	32	13
70	13	49
14	14	14
47	38	19
21	11	79
66	29	24
48	24	82
37	98	12
46	39	89
81	81	81
87	43	91
97	53	81
51	88	99
32	34	86
49	35	39
