1500
-5322
-3329
-8283
-9276
-6141
-1687
-1507
4969
-2473
3301
-5759
6138
-76
-545
-1891
-9569
-6576
1415
7287
-2337
8073
-270
4443
3875
-7689
867
5652
-5356
-7962
7113
-6301
-9238
4487
-8857
4009
-6969
-9955
-1924
-8473
-3841
-3618
-3013
7912
1917
-9701
-9094
2460
-190
-9123
-1675
-5559
7153
-7082
-2648
-2081
-8313
-1488
8544
-3063
9903
-1914
2423
1514
-907
-6787
4317
-6170
152
8938
-6827
1407
4870
-2765
-4095
1572
-3775
-6562
-2241
-5562
-1144
1255
-365
-6644
-4587
9932
9638
7111
2592
8557
-1905
4072
5519
-1096
5458
4080
1735
-2207
-891
-6617
5376
562
5116
-974
-8285
897
5820
-6657
-946
-9048
1234
2402
1752
-9808
2153
-5434
2867
6033
7414
-3332
-235
-4427
-1671
-106
-4997
450
-4096
1595
-8187
-197
-6548
467
-9273
-5731
-426
8323
2434
47
-6955
5246
1901
2078
-6052
5624
569
-4795
-4001
-4098
5909
-5299
-8800
5989
-8497
-2667
-1404
-8225
-6629
-1361
-2392
-2059
-5190
-7307
9654
-1518
-7499
436
-849
-8612
647
-2456
-2795
1066
-9470
-9526
-9019
-1872
-269
-8787
-929
797
2433
-9559
-8790
-1848
-3244
-5458
-3974
-1784
-1159
-4058
-8652
-1019
1325
-7147
-500
-9108
2961
-7842
-3858
-7706
2333
6416
-1531
-4278
-6086
-8107
-1195
-9615
3249
-9456
877
5516
-8161
8780
1822
-7310
1292
-5746
-6172
5020
-8867
1389
2060
-7438
-154
8548
6390
-472
3109
1862
-231
-8440
8586
-1201
-4151
-8568
2523
3109
-6410
-3450
-1449
-9835
406
-846
9498
736
-5662
-3353
8768
-6310
1287
-3649
-2995
1199
-2857
-2554
-8788
5450
1500
752
-4553
-9777
3419
4458
-7145
-8526
-9396
8780
1099
-3615
1197
-1709
-7345
-8315
1022
-3594
-7722
-3351
-3007
7983
-4808
251
2700
9212
-6350
6450
924
-5624
8617
-6131
-3449
2060
3984
-8284
2937
-2829
-756
-3077
2838
1179
4822
5012
-1115
-4573
-9535
-346
1102
4802
-8675
9588
-5054
-6125
7228
440
8444
665
-7469
-9059
-3641
-6687
3139
-5705
9344
-8990
8696
3534
-1668
5102
-8560
-6026
-6802
2112
8673
8836
-861
2526
-3532
-7805
-7665
-8067
8216
-826
-4181
-9284
-1644
-9064
9438
608
-6151
2267
7163
664
-9022
-6447
-1780
764
-8938
2194
-6227
-1601
-1748
-8376
-4356
-9341
-9164
3194
5840
3371
-6958
3139
-7513
-3475
-8436
6055
-1370
4114
-7289
295
9914
-9929
-693
-3726
2915
4820
687
6944
-5164
-2688
1300
-7526
-4109
-1871
-6391
-3717
4680
-8502
-9000
-2787
-203
-1808
7683
-9044
-5664
-929
5957
-865
-7912
8891
-451
9
-5351
4617
-6189
2604
-4345
-2146
-6828
-3891
-8608
-520
-8872
7406
-4522
7340
-3442
-6537
-4645
9375
-2410
1046
-8487
-9095
-6997
5993
-3262
-3274
-2520
-4423
9071
-3680
-5055
7913
-5503
-1829
9305
-8081
-5651
-6177
-7243
99
-6599
-1078
-6230
-6187
256
-1706
4034
-8381
1563
-5368
-6701
-6900
1188
5708
-6026
8768
4628
8414
-6276
-8135
-7859
-5878
-1609
-2452
860
-2506
-6302
-4093
4895
-4004
-9412
901
-315
-7105
-7115
-7689
405
-7529
-7443
-8919
-558
-2321
-8741
-1657
-5121
-7824
684
-8326
-2050
4188
5485
-24
-6435
-2466
8971
1564
146
2178
9177
-5487
-2651
-1438
-4303
-5920
4079
-1280
4702
6239
-8030
-4966
3769
-4882
3977
58
-2830
-8302
-7824
174
1107
-9955
-4504
-5831
-9409
-7089
9766
7176
3650
-9983
3146
4647
1123
1472
4229
-4013
2235
-3561
-7971
-685
-4115
-1744
-8246
-6876
-2803
573
3461
5076
1635
-7055
5762
4944
-4429
5556
-8934
-5922
-9922
-8074
1328
-8818
-8252
-9628
-4341
-9843
-3574
-1223
2216
892
-8828
5591
9526
-9566
-5397
-6250
-4808
-9665
-2513
-7237
-6033
-63
7829
4590
3547
2010
-3243
2821
-2690
-7536
-7985
-2395
-8700
6903
474
265
4032
2333
3480
2212
-7848
7876
-7565
-5148
-2427
-6572
-9472
-9802
7412
5010
-3893
3347
-2352
-8085
2126
-9841
-2397
-9418
-4766
-8904
-5351
-2054
442
-6750
-343
2605
-3380
-9093
-6546
-7908
-7823
-4184
-2661
-6480
2766
2184
8783
9714
2069
-4965
-2300
-6364
710
6923
-2802
8348
-359
-5792
9698
6318
-6079
-8489
-3178
4741
2601
8728
-9466
1302
-2367
1987
4128
-4043
-4384
-2579
-1991
-1910
-1504
-2581
-9219
6305
9136
2251
-2190
223
5769
9963
3092
-5064
-3011
7845
-7007
6855
6393
903
3642
-7339
-1695
9389
4999
2460
7780
-473
-4902
3281
-6069
-6884
-1446
-8933
-624
564
-2728
3052
7609
-5905
3654
-7543
-9125
-3653
-2586
-2550
5058
4904
-4121
6282
-6959
-3085
2701
-5643
5038
-5623
-6192
-5243
-5256
5264
425
1779
3227
2781
-6938
-8853
4742
-3733
2504
-7366
-5126
6607
8070
-5524
6278
-5403
4497
-5510
-2066
5776
-1860
7903
-7851
-1567
2138
-4694
84
-3371
-2583
-9445
-6966
35
-6991
-6296
8344
-5450
-218
-992
-8182
1050
1269
-6668
2584
-3151
828
-2066
9040
-9361
280
-4211
-1554
-890
9256
-8530
7115
-9318
-3833
1056
-8834
-2664
-5092
2500
575
9326
6299
-7562
-4376
-2414
-6110
-990
2947
-5625
7205
-3745
63
-2624
1391
-134
-5886
-4957
2952
-7154
-3548
7346
2868
-8514
6458
1828
-451
2749
-6958
-6820
593
-4150
2112
1555
1520
-8572
151
2072
5792
-8036
58
345
8961
-185
1971
66
-6616
-2411
-5661
8550
2309
8294
-2213
1178
-4922
602
-8949
-6389
-6879
9897
-3559
-7065
177
-3852
277
-8514
-1258
-3043
5739
-8017
-8246
-6573
-4266
2171
1265
6321
7871
-7713
-9874
-7897
-5092
-8991
-4073
-2408
-8515
-438
-6615
-1017
-7579
1778
-7265
-693
828
864
-5409
-7382
2821
2357
-6953
-6331
-9526
-7681
-3962
2641
2145
-6764
6623
-7385
-2870
2432
1865
858
598
-7555
1928
-3728
-850
774
-5021
-9522
-3853
-9883
319
622
-63
-3278
-9367
3701
2616
-9023
-1637
744
-4352
-9198
8767
828
-3422
9867
6384
6671
-2150
-83
3009
-9483
-392
7523
-8256
5463
-7176
-1417
-485
920
3993
-9110
-8891
-5386
3473
-412
-4142
-2949
-7879
9865
-3608
1258
9585
12
-4709
5662
-257
1961
9678
-9006
1338
-4818
-2337
9729
-279
8313
-9881
-8112
-6716
-4986
-7492
-181
4545
-4533
-6341
-3410
2642
4030
-9083
9541
-5555
-2122
2154
55
-8952
-3046
-2110
-8739
-6365
-4876
-1057
-8008
-6831
5226
-375
-9179
-6159
-8474
7875
2344
1110
-1349
-5300
-1327
4275
-1844
-8470
221
-8143
-8827
-8309
1724
-2179
9583
-3261
-1357
-1397
-3744
3004
6499
3670
-5929
-2835
-2165
423
9769
1323
872
-7239
-1483
-1922
-3548
1788
-6433
-3470
-1809
-5226
-391
7131
-756
-1903
-2363
3753
8902
-9935
-1348
-3744
297
-5982
9737
-5998
-8843
381
-6312
641
591
-6620
2324
3176
-2125
-5910
813
5407
-561
-6630
3159
-5702
-9998
-12
-9350
3410
-1472
-1221
1062
-8695
-9941
9648
-3833
2888
6657
7800
8539
-3286
7008
1124
-6496
-8257
-369
2128
-9807
-2998
-5426
-8374
1812
2317
2126
9880
-6453
5063
-1219
8980
5044
-3367
4709
56
5645
-6223
-6601
1859
-9386
-7871
4962
4722
-7938
-4402
5032
-562
-2313
7859
-78
7186
-3828
-1220
-5374
-6782
2325
1810
-4599
1310
-8121
-8252
1818
8701
-9871
-9158
8321
2353
-8925
-5238
1868
-4591
-4878
-7212
2515
-1705
731
-2425
-7338
-9848
580
-7549
-736
-9421
2377
-287
1973
-2630
564
-9801
-9782
-842
4624
-7496
-8845
-1545
1719
-3845
7195
2061
-1933
2014
3800
5829
-7006
8683
-7780
-1997
3226
-742
-687
-2953
8400
-4939
1055
1370
882
2404
-6831
-5063
-6145
-7358
1432
-3577
973
9644
-6419
9901
-3566
-3996
4765
2611
-6112
-7022
574
-700
-6129
2475
7049
-5172
-5214
1423
-1917
-2044
-7998
7479
-4005
-6479
-9680
-853
-9412
1898
7993
9306
-1574
-5160
-8855
9639
6801
-7420
-7866
-5635
-2707
5101
8534
-5200
-1047
-5642
-4128
-2626
-1668
-5975
-1092
-3759
4051
1366
5187
-6902
-6853
-898
-4120
-6366
1984
-7888
2347
905
3419
4883
-8085
1424
-2266
-6076
5789
2991
6645
-9568
-1445
-1217
5984
-5340
-9315
9899
4707
-3183
110
-3355
8745
2583
857
-9668
-59
2315
5476
-2451
-2909
-969
-769
6998
9761
-1473
-4453
5330
2518
-4585
-994
-7519
-5254
8247
1528
-6840
-374
8982
-7055
4346
-4064
400
-1596
8662
-7092
-6900
-3440
9201
-7197
-66
811
1205
-5136
1223
5594
-5080
-1902
-3517
863
-3086
-6263
-5277
-1965
-6020
-3639
-8617
3284
-4142
-5710
-1549
-5312
-8908
-3679
-3765
5890
-6454
-6265
-1535
5548
1969
-2405
-8064
-8154
4611
-3764
7910
-6971
-7445
1914
966
2178
-9638
-8508
9105
-7935
-826
-2619
6957
-9320
8966
-8099
9318
-173
-6176
-5943
4525
-2607
2248
3168
7643
7415
-5784
-5291
-7433
-4900
4702
5824
-4868
-2229
-606
-6946
-2604
7593
2323
1268
8169
2163
-6936
5466
-9188
-2870
4266
-1933
5715
9683
-3227
-892
6970
8764
-8422
4062
-3581
-8072
3130
-2628
-721
2583
-4658
-2541
2354
-1008
-8358
-3801
-1774
-6530
6370
-3940
-590
-5971
1195
-7829
-6931
6006
-9529
2078
4132
-9785
-8050
5335
1243
2406
6344
1258
-8768
-6504
8145
4406
-8978
-7140
91
1424
-9679
2206
-4587
-9442
-8118
2729
240
5318
-4554
-1987
2423
-3643
-5719
-7232
455
-4794
6178
4793
-9791
-6102
-711
3451
-4488
8813
-9124
-8833
-5230
234
-6213
-11
6670
2748
1503
3101
-6464
-7991
8291
-6223
-8635
-5062
-5990
7398
-3852
2478
2041
-4397
9552
3473
-1423
-5810
-9817
-1208
-3747
-3647
-7788
-2772
-739
6932
9066
2113
-3234
-949
-274
-9856
-347
7540
450
-9038
6116
6048
-3127
32
-7575
-5424
616
-4945
-93
-7981
4490
-8952
414
-8944
9350
-7626
1550
-6176
-732
-6540
-7348
9120
-9602
-5404
5122
-8317
-6397
1540
-822
492
-1631
-3809
-7243
-7237
-7483
-7838
-1334
9351
9084
2510
-7056
2252
-5540
9620
-4112
-1785
7432
-164
6099
4066
9199
-8025
-2033
-3766
4213
-6631
-8949
7783
-426
-8688
-393
-2900
2824
-8998
9888
939
9281
-9597
293
-1072
8121
2260
-5047
325
49
1786
-148
-9637
2996
901
-3212
-5396
5917
-7373
-3821
-3046
-9032
-5814
-4508
-7265
-6930
-4178
52
-2851
-4581
-4630
2378
7547
2307
-783
-4478
7923
-2394
2858
-5997
1286
-2930
-634
-6020
-7629
-4846
-8043
9243
-4310
-4203
-4452
-2790
6299
-2800
5631
-4653
-8750
-8013
642
-2486
-2171
-7226
3799
-3394
1647
-3564
-9424
-5081
-7177
-9268
-1546
8601
-6026
-35
1693
-9401
984
-3669
-8839
-6642
-3104
-3389
-8214
-7728
-5008
9990
1886
1792
-3705
-7154
-4969
-354
-4560
-2416
-3608
452
560
7903
-7095
8640
7529
-6000
3266
4290
-4514
-7130
-6519
1623
3122
-506
564
-5002
3287
1354
-5625
-4004
-7132
2494
9968
-3562
-3670
166
-9773
-4612
-5247
-1378
-6680
3298
-2905
-4601
-8925
-2510
3339
8927
4340
-4652
3940
-4849
6961
4084
-2425
-9077
-3247
1531
952
-5579
-7206
2599
-65
2884
-3044
-6535
6368
-2909
6688
2632
-5884
6909
-1349
-9505
-9380
-5449
-8057
7398
-3799
-4130
-5675
-7974
-1518
-733
-9188
5667
-6687
-2558
-5322
-3706
9771
-2869
-1494
-3050
8074
-9060
1068
-9741
2450
9230
8549
-6675
-5184
5072
5453
-3864
1526
-2091
-6721
3875
-535
8500
5934
-1157
6513
-1562
-9836
-6355
-1592
-812
2125
2428
-2122
501
-6111
-9261
-662
1458
2280
173
1637
-6418
1930
-9935
-9987
3523
-9309
1343
5695
9421
-6865
-9677
-8878
-4501
-9755
-3714
1991
-8253
-640
412
-3357
-3159
-293
7977
-5564
-293
-3929
6312
425
2540
-2763
3597
-3514
2379
2166
572
-4190
5979
4166
4913
-1668
8258
-5052
8028
-6193
-2838
-1597
6350
7132
-6494
-5273
-9288
-1861
9928
8109
-6448
2395
-7612
-8606
-1639
2670
-4397
4351
-3109
6107
-755
1043
-617
7415
-3294
2974
-1790
-2633
-2241
2433
5095
7560
-3975
-5615
-7474
-7591
2186
3508
-7289
3192
217
-858
-9794
197
343
2652
-530
-5183
-4627
-6837
-7615
-9367
-8034
-440
-8308
-2556
6047
2580
-9731
-5479
5420
-9777
284
9826
-6527
7767
-5718
-5147
421
459
1393
2272
1091
-846
8792
5608
2301
9083
9044
-2515
-2875
6051
2214
-1539
-3677
7933
-6658
3155
-7879
-8723
2697
8071
1200
2169
-2527
2694
-8567
955
-7415
-248
6072
-1512
-3137
-7810
8178
-1612
-2169
-884
1152
-856
9903
-5770
-3327
-7315
8945
-997
6725
-7175
1467
-8022
6364
-2571
-5235
-982
-781
4101
129
126
-7621
1957
-2860
7884
-4372
-9216
-2886
-7303
8714
8858
5651
7769
2246
3276
4455
485
8681
-6126
-3349
2702
-5491
-9881
9382
-4014
-6484
529
-7214
2155
-9475
-1703
9605
-8209
-2373
-6688
-8081
-649
808
8685
-7513
952
-2285
-6296
3779
-5895
-4905
-4403
-7004
-3676
-9947
-9510
3676
-6212
-6526
4909
-2776
-8111
-8366
1835
-8193
-6702
-4137
-9278
-7631
-6300
-2027
-5775
-8665
2514
-808
-1724
-8784
-6781
-9257
1671
-1985
-16
-1093
-7787
-4591
-8009
2076
3471
-8436
-2483
1580
-8495
-4213
1041
-681
-727
-9922
2055
136
7619
-7218
-7965
1357
-1567
2369
-6012
9120
9329
1118
8707
9439
3264
-2638
-2773
-2950
-1559
-5006
-3156
2745
-7883
8898
1867
-6285
670
8213
2202
-4286
-7467
-1579
-6479
-2057
615
2021
-2379
-7568
5272
-3098
-3051
-5207
-6406
-4872
5728
-4017
5657
-9376
-3026
2589
-9483
9106
-4059
7202
1334
-5304
6907
1696
-387
10000
-1227
6043
-7563
-7443
-648
-4720
8852
9152
-8544
-7006
6911
6622
-2706
-4356
-7962
9605
-7231
-6893
-9445
-2956
-1372
-7252
-7809
-1481
685
-7168
-2212
7780
-4569
-5734
-9710
-5471
-2905
3307
9876
8015
6695
6135
-4845
1123
-6353
-149
1115
-8048
7480
-4737
2079
-5043
-4274
-3151
-9203
-2634
2611
-5554
-9106
-9173
-7348
-4135
-2421
-2593
-3209
9867
-8889
7540
-2918
6584
1334
-3711
9249
-9643
-8435
-2760
-5528
-2410
-7048
9286
984
1404
-2421
-517
-7631
9329
-6246
-630
-2396
4299
3277
9812
-9175
311
5807
-128
8594
-8904
-8602
-7348
7126
-4500
-9401
-9620
-3790
-4207
-662
1927
8853
9642
-8612
-3482
-7689
-8485
-5612
2131
-9362
7676
5160
8509
-8387
-9686
-4799
538
-1170
3489
-8532
7441
-3295
3018
755
-6921
1954
-9778
-1877
-7977
3328
-3850
1711
-8040
9116
-19
-7315
-6951
-8544
-7261
-2432
-4097
-2413
-4904
-3650
-9965
2602
-9802
1747
-8505
-7839
-3969
-9139
1112
-6453
2089
-296
-4553
-763
-3001
590
-8308
1843
362
72
-5231
-7772
5897
-6825
7015
502
-3620
3097
-2777
-4031
878
5958
-7592
7855
-1418
-5558
-3711
2026
-3653
5882
-3842
-199
1694
5215
440
-4245
9855
-8651
1361
-3212
1526
-3910
-8162
-200
-7547
7552
2520
-1275
-9329
-5530
2100
-5114
-3448
-9017
-8881
150
-208
1265
-4655
5970
-5543
-8743
-8949
-2831
4913
1772
-607
-1543
8893
3817
1742
-5781
9666
-4883
-6396
3614
3561
3344
-2061
4724
-6461
-8370
-2805
-6392
-7508
-5976
-7899
-1179
2317
4941
-256
-8288
2628
82
-1465
-4386
4521
-7991
-4005
-8297
-5241
-8527
9518
1215
4500
6188
-8212
7327
-1858
911
385
-1878
7073
-1797
-4009
1581
5154
-7789
-4448
5928
-8426
-8121
-1549
-8387
-796
7216
-7143
-1112
-2548
-6688
4587
4494
8650
-6600
8405
-6888
2676
-6916
1533
-7999
-6038
-6555
5706
-434
3055
-204
2622
7359
-6766
-6194
-4058
2852
-4559
-2297
-5515
-4560
-4160
-8583
-8533
4532
4808
-7722
6332
-2298
-2166
1508
-1907
-8193
-7763
8807
-2431
3344
3800
-263
-1514
-7572
-9802
-1534
810
-3098
7045
7140
-1822
-768
425
-5514
-180
-2398
4737
4276
6084
5580
-9857
-8044
276
-4859
-2640
-6691
-5761
1916
-3547
-2733
-7490
-2769
-722
-1355
-2420
4936
1376
-8982
-2303
6345
-8095
6138
1435
199
-4509
1818
-5054
-2852
-8594
4683
-2837
8855
-6052
-925
-9412
-267
-4410
-854
-7696
7383
9989
9898
-8674
8651
-7438
-5376
-7721
-4725
-8078
-7592
-5525
-9071
-784
-2440
-840
-9792
6538
-8099
2076
-3934
-5329
9892
6665
2205
870
7881
-677
-8193
-271
2196
5420
7639
-2796
9042
9639
-4473
3602
-2271
4443
-4577
8566
-2127
2995
1604
921
8233
-4766
1969
-3612
2758
-8059
2688
-6101
-2775
-7483
1735
-7515
3535
2587
-5367
6459
-7068
-6249
-4093
-7847
-971
-2878
-5104
-8817
-7452
-6398
-1621
499
8031
222
-9874
2277
3346
577
-3548
-2441
-2212
-8540
-4484
-3762
2368
-5848
-2659
-7167
-6818
-7325
-9414
-3158
-1503
-1029
-6330
286
-6599
-362
-502
1878
332
-909
-9066
8306
-8984
-4524
2260
9084
924
2077
-4351
1200
-4855
7137
-9537
444
1074
-261
-58
4580
-6820
-5767
6686
-5814
562
-6816
-3801
-3253
-5081
-2900
-4353
2798
-3134
-2087
903
-4966
4182
-4035
-2659
-6780
6288
-4641
-4657
6451
2194
-9404
8081
286
9161
-8284
8716
5619
-3661
-1271
121
-6594
865
-4465
7022
-6392
-2743
78
-7400
-99
-9232
-360
-1175
659
-4209
-4284
-7885
-5658
-4108
3084
-424
-8918
-2781
-8652
-6439
-4388
-6423
-4276
-3371
-1993
4681
-6185
-7275
-2800
5045
6670
3458
5403
-5630
-2977
9786
6925
9023
-2950
-5438
9317
1628
4942
-6497
5420
-975
-1649
-1056
8092
-6749
-8743
2272
-5954
8574
-1093
-2327
7962
-3320
1199
3737
-3959
-6730
-9563
-8917
5294
-1633
-9556
-7026
-1851
-1325
-1112
6236
2073
-4378
675
295
-7268
-496
1293
-5995
9105
5304
-8226
1452
9295
-6003
2681
-5903
4161
-7210
6005
4270
-751
-3157
-7809
2033
8903
3335
-8200
-1890
-6067
-7625
-6297
-7011
2452
-781
-7699
1460
-4131
-2185
2482
-9832
8210
-694
-9466
-9784
-4398
-4705
-8339
1940
-554
2684
-7053
-4389
3920
1598
-8448
-1602
-3983
5344
-6160
-8689
-4818
-4399
482
7757
-7389
-2451
5394
-2164
-5032
-3793
-7710
-9961
-3580
-9597
-770
-3845
-6703
-2020
-2497
5499
-3649
-5820
-8143
-9079
-6772
-8266
4114
1593
8881
4147
-38
-2196
-3890
6667
-288
-1037
9931
4956
-422
441
-2056
-4702
-2936
1078
8917
-4277
7436
-6805
-2283
-6837
2298
-9906
8807
914
-2312
-6464
-9106
-2948
-5796
-5944
1136
1479
-8548
220
-1289
-3285
-1080
-3940
-4045
-2235
-400
-605
4320
-5932
-8119
-4831
-9433
1608
2615
-93
-9723
-7978
2403
7604
-6796
-3630
3277
-1336
-6050
-5353
-5111
-748
3352
2759
-3582
-8634
-8943
9723
3300
7818
-3610
3220
-6376
-5006
8635
-6736
561
1819
-4059
-1917
4584
-2199
5707
-8667
8451
-7372
-4372
-152
1051
-8312
-5562
-7250
6269
3368
1325
-4616
6385
8690
-5469
-4734
-2150
-7031
-7831
-3923
3869
-2291
-1264
-9700
-4346
496
-9002
-2843
-1722
261
-724
6239
-5728
-6438
796
3264
1320
2632
8779
-343
-1117
4680
6716
-4029
-302
1511
-1706
8520
3539
2334
-9913
2011
-4028
-2883
8552
4355
-3250
-2779
4162
51
986
-1921
-430
6411
-4794
5355
-4120
-1185
-483
-6607
-4362
-9037
-9696
-3043
-824
-2416
5356
-3439
-9649
-8044
-9931
3924
-2300
-4090
2394
-7032
-215
5738
6644
-6491
-4750
-1095
-4883
-6079
-4285
-109
-4677
5679
4987
2382
-9342
8811
-240
-6606
1312
2225
-3011
2504
-8056
-2026
-6278
-6351
-4115
-9392
-4341
179
-992
-3111
-5314
4826
-3138
-2570
-692
6141
-6267
626
-9847
316
-7034
-1234
1913
-940
415
-7172
6433
-723
-281
1833
896
9458
-1298
59
-2499
36
-6306
-2019
-155
2605
-4251
-2089
7116
-2406
-6794
-7455
-2757
-7674
9483
8441
-1364
-4141
2447
4338
-914
-2372
-421
-434
7024
2703
3777
7089
-4197
-842
4454
-9299
-8671
4854
-7822
2658
-4170
5725
-1267
-4759
-6820
84
-9791
1742
-9276
-4451
7367
-515
-2543
-8646
6816
1440
-3072
-5620
5760
-4982
677
-5573
-8463
1388
-3691
1531
-6856
-975
-1842
7439
1521
7814
7818
-5946
896
-40
-4937
-6065
-1622
-9373
7282
-7957
-9727
522
-9307
-6594
-9378
-924
7255
9291
-11
885
-7385
-258
-8508
-1913
1176
-2582
-630
494
-5750
-40
642
-7888
-4762
3029
-6938
554
-4506
-6379
9720
-1398
-3094
-7209
-1024
1252
6796
6982
7157
-1662
-1190
-1214
-4352
-326
-4159
9535
-8066
2630
-8376
2413
-8217
-4785
-3586
183
4432
-4756
8917
2832
-1591
-2615
-3956
-8023
-2253
-6676
-715
-9240
-6164
-9515
3696
2647
-8791
-4190
-2732
8506
5709
-4866
-3334
292
-1173
3187
272
1321
2455
-6533
-5230
-1292
-5185
3454
2139
94
5233
990
534
-3625
-2527
1775
-7268
-2935
335
-28
-1832
-1732
-6458
-3664
-2005
6074
-6208
4589
247
1334
-2064
1717
-3335
-4602
-4192
-4296
7216
-6565
2456
-1521
-412
5129
-284
-689
-1140
-7449
-5650
-6342
-9210
-9665
9073
-4965
299
-9924
-8048
-1455
520
-4439
8644
1066
1220
-5188
-9003
1205
5576
2350
1387
-4047
-9508
-1074
8454
-9686
-4361
-4233
394
-7836
-239
-928
6399
-296
-8837
5651
8536
2240
-4813
7136
-5327
-5138
6834
-2512
-1410
3937
-1401
2945
-4284
5658
-9595
9097
1088
-3284
9123
-1254
-6290
1043
7130
754
-9077
9542
1459
106
2076
-2800
8485
1773
-437
-5510
6777
-8659
4210
5966
-9680
1593
-2918
8280
-825
-919
-3165
108
4251
4541
-5307
-398
937
7589
7865
2707
9527
-1951
7314
541
6551
-115
-1424
-8313
-5687
-7788
-4651
2100
-446
-2578
4569
793
-5940
-407
988
8280
-2481
-8897
-4934
-2155
9904
-5966
1574
3626
-2921
-7017
3758
-6093
756
364
3460
-2800
-7357
8240
-7106
-3030
2672
-5838
6974
21
-8681
-7062
-4273
-5161
-1938
-344
8464
-4472
-5723
-1974
7092
5948
-5685
-622
-8248
-7556
2005
8056
1269
1498
-9860
-8677
-1623
-3802
-9341
-4931
-301
638
-6558
-5969
-9365
6148
7649
-8951
-8069
-911
-740
-6368
-6150
-8208
-3823
6163
-3371
-7480
1368
-8412
371
-111
-4821
-6769
-9287
-6638
-5004
9302
-9334
-6677
4830
1402
-6541
-1460
-5495
-7023
-5113
-2519
200
-2252
-9370
-1680
-8480
8121
-1691
-2054
-2277
193
-9401
-544
-2599
-9102
-3375
-8336
-5084
-5465
-5025
-8831
-8731
3589
9584
-7165
-7302
-9967
-918
-6917
5131
-9695
-6600
-4338
-6063
-910
3546
-1671
-1598
6169
-6345
-7731
1197
-2374
-9806
-1392
7388
-480
-1335
-1884
-7165
-3644
7376
4848
-8168
-1775
-3263
-7432
-414
7658
1276
-5069
-5712
72
4969
-1961
1608
-7734
-8869
-6824
-5142
40
4057
-4017
492
3275
-7425
6684
-8475
-9416
-8543
-7473
1106
-9615
2738
-1883
-746
-6304
6086
-6702
9659
1034
2420
-9763
639
5549
-6498
-4464
9268
8998
-4653
-3761
-8930
5681
6035
9418
-2720
-6921
1939
-9650
1406
-8029
-7675
-5472
6907
6678
-8142
-9813
5795
-293
2246
440
2094
-3012
-2537
-8286
1474
-6313
800
2017
9051
-627
-5879
-1907
1382
-6214
-6004
-2458
1013
-4184
153
-4402
-8915
8007
2010
-550
1795
2585
-1902
6825
-4886
2410
-3349
-8716
-5085
711
-975
5863
-3454
6192
2713
8751
870
-923
-346
-5836
-1234
-8502
-5299
8266
-7251
-5209
-3880
3907
6014
-531
8072
1734
-429
-6173
-3041
2053
-6669
-2826
-8613
-1172
1156
-2541
-473
1910
8068
-4321
-8720
-1117
-9283
-1669
-5421
9840
-3046
-4823
31
8607
-4201
9979
-6985
-2219
-5901
-3650
-4040
-6770
117
1723
9277
-9078
-9276
1348
896
2408
-7305
-1912
-5406
-4362
-3120
2282
-9109
200
-7638
-8749
-5898
-2937
1074
-7901
-248
-4245
5077
3116
-8320
-6483
-5350
-2143
3475
-4042
9391
2123
-6441
2270
7271
-9567
-2497
-8465
1955
-6480
-5880
3856
-6480
-8482
-7242
3426
-7117
-7979
-3369
1569
7650
2586
-4016
-1222
-9487
7074
5529
8435
2199
5182
-930
-1716
8361
2011
8115
425
-5660
-7024
356
364
1905
5807
-8795
-8373
-1780
-5282
4278
-1606
-1793
2124
-3456
-952
1197
-421
-9566
9680
-4651
-5212
-1591
-4657
2675
-9571
-1980
-2959
4075
8434
1691
-3725
-1471
-4324
-7980
7687
-6708
-8465
-6785
5041
-4629
-4171
-333
5113
3737
-5827
2489
-9951
-7905
3533
994
-426
1670
-7972
-4324
6375
6168
-6779
-6515
2644
-3108
-5960
-9933
-3803
-2168
7212
7415
2469
1239
-7111
1788
3975
-938
-6453
-1737
-4537
9255
-6384
4615
5079
-8515
4117
-389
-3018
1039
-9839
4184
-3610
-2005
-8672
9278
1208
-5049
-2925
-7767
360
-63
-7290
1046
-1681
-6884
-9580
-3769
-3432
7541
1317
-2712
-8501
9552
-6801
9044
1200
3602
-5314
8883
7831
2164
-6613
-7709
-431
7637
-2730
3266
-9275
-7534
-9681
-5791
2722
9458
6519
-1927
719
9606
4743
-4346
4745
1517
-2034
6321
-82
-7265
4034
-9368
-3501
674
-9425
-9005
-4545
-9535
-1262
-8439
51
8735
-7219
-3266
-6170
4198
-2317
-2014
-7269
-4827
-7805
-3992
-7444
-2537
-3460
-4861
-1308
330
9838
-7179
-7946
-7015
-9937
-8726
4556
-6440
-3665
-8447
-4936
1275
-3922
-6642
-5933
4624
-3954
-2210
-9438
-1783
-4092
1528
6396
1088
-4718
-2517
-340
-8772
-2375
-1499
-3150
-8687
-277
3840
3887
-7736
831
-9467
-1729
-4419
7433
-9783
-725
-6132
872
6718
-6665
-4431
-5535
-2041
-1632
-4092
-5428
-2936
-4789
-2930
-529
-9752
-5799
-8485
-5656
3827
-3016
428
-369
-2920
1566
-1390
-6821
541
-6730
9750
6850
-2703
-9124
-8101
8647
476
-9399
-8473
-881
8353
6570
-6335
-9451
5564
-8300
8214
8735
-5589
-8710
-515
-8591
-7594
-7649
-9436
-1984
-2936
-4118
-4927
-4920
3869
-8263
-2291
1251
992
-8233
6802
-6703
-6091
-7600
-6145
8606
-7562
-5339
-7739
-2621
9497
7708
-3459
-2038
-4806
5145
-3159
-8103
-7436
4466
-7396
-7449
-8268
9502
3550
9043
-2646
4112
-3671
-717
3552
-5982
3318
-3981
-1139
758
-6402
-7561
-2901
-454
1947
-2399
7306
5035
-4529
-8742
8476
-7077
-1400
652
3066
1397
-9471
-9875
1381
-4735
-755
8703
-6194
-5375
6642
509
3414
-5657
-497
9136
-7921
-8511
4268
2114
-9492
4468
4584
4887
-1067
-7959
-6350
-5289
-3048
-9109
5856
6415
2474
-526
3547
6840
-6875
3417
-7623
7767
306
2999
-6160
-7993
-1396
-5908
1192
-493
-9886
-5799
-1999
-7191
2557
1142
9813
-1494
5827
-9121
-8882
-1912
1210
-8978
-5285
5227
-208
-3952
7790
2482
-2500
-3920
-7990
-7231
-99
-4488
-1653
-2697
-502
-2440
295
5123
5486
-6008
2164
-17
-1111
-5140
586
-7738
5404
6421
-2389
5908
-5816
-1136
128
-1272
-1708
2263
3557
-8415
-9842
14
-5016
8615
-2858
-533
6445
-9159
-5639
2615
9269
-8728
-7782
-4717
2751
-8287
6871
-612
400
-3376
-3416
-9901
-207
-6395
-7768
-4331
4824
-5843
-4485
-8016
839
-7634
-6423
4923
-3016
-5264
5319
4893
-7590
-5422
-3425
-4404
-6119
-5624
304
-7548
8219
-3643
7918
-5169
6064
-8943
-210
7135
-4278
-8639
-7002
-5434
4842
6054
-561
-1596
6557
-7741
-6352
-386
-4059
-5533
-778
-6097
1918
-5844
-8123
9188
-6789
-7376
-5994
-797
-3283
-6812
1335
-8532
461
-1071
-8584
5476
-8549
5810
-9689
6092
9534
85
-7688
-4264
-8210
-6556
-4147
3071
8632
-7093
2380
-8658
-2433
4430
-8877
-989
6883
868
6324
4728
-2210
8996
-8454
-3013
1492
-9095
2124
-376
4430
30
-2412
-7345
8796
-3545
-2113
919
-9918
-3748
-9208
-1082
-7625
-8180
7057
-4158
-8347
2239
-4176
-204
-4936
8493
6228
4778
-9321
8717
862
-1818
-6868
-3985
-1454
5107
-3734
-6449
-6637
-394
5837
-734
-4118
-9785
-862
-4238
6952
2654
-9432
-5263
-5748
-176
-6599
-4663
1541
1979
-8763
-9518
-3045
-9407
-8448
-7960
5645
-7981
-7333
-9410
-3948
5710
-8969
-6580
8528
-8598
-2825
-83
7522
911
-6413
3503
-7594
-7285
1623
3554
-762
-8798
-3805
6227
-5510
9573
2193
-5346
-2284
-26
-961
-4897
-1555
-1590
-2069
-5143
-8487
-992
9726
-2403
-8144
-4558
7109
9874
-4466
251
-7773
-7016
-6886
-7818
-2741
5765
-6746
4448
-4119
-6139
6008
2295
8035
7190
9223
6209
-2371
-9512
-8600
-1931
7301
-1954
-3927
-1933
4741
-6742
-9989
5464
-1221
-8265
-1385
335
1843
1400
156
3242
809
8931
-3722
9521
-7533
-826
-7452
-8263
-3357
1571
-6311
-3624
7045
-1703
-5469
-7047
5229
6049
4075
-4723
-9065
9563
-3525
-9088
-9659
-4601
-3035
-4011
2320
-4842
-3036
-8982
-7682
-6556
9790
-9828
-9876
1249
-9846
-333
-5256
4110
9302
5815
3930
-8754
4681
-1407
-3283
-709
-8633
-1482
-7144
-649
2615
343
-1206
1893
-479
-4172
8769
2650
-7910
-1951
1741
-1935
-3230
-8820
-4518
-549
-1714
-5809
-8691
-7748
-4254
-3583
1862
7868
2113
6227
-5457
-3436
2536
-3305
-6316
4681
-2313
-7518
-3855
-5986
9489
9493
-6772
-4051
4742
-6793
2979
1615
-3826
-1656
-666
-3172
3226
-878
-312
-2022
-5785
-7197
5811
-7924
-559
6199
3097
9492
-3566
-7497
-942
2357
3298
-9303
6018
-1544
-6723
-5121
-2566
9110
942
1076
7075
-9781
8458
5720
9400
111
9142
-2616
-4527
4395
-5364
-8320
-4026
2534
8869
-971
1778
9763
-4881
4128
4313
7335
-6591
-4236
-5723
9212
-1201
-9092
1748
-7363
-8163
5344
87
-569
-4421
-6078
3094
3546
-7446
-5163
-6897
1914
-9860
-284
-3287
1588
-6749
-2890
-9468
-5335
-5081
-3689
-3824
2084
-7366
7565
-1598
-1361
8238
-4175
8994
-983
-774
-7359
8617
1040
-4532
-944
-5240
-7708
638
9219
2030
-692
6428
-2633
9315
-903
561
-9757
8151
-147
898
-5179
3841
-7242
-7591
1689
-1887
6398
6977
5065
-8310
4420
-8274
8706
-1890
-2036
7557
-1749
-9862
6262
152
-9863
-9454
-7347
6868
-8354
-772
-9693
-1638
-8831
1202
2746
-5911
916
659
7491
-5181
68
-8021
-9492
-5328
6154
-6249
-5772
-5859
9449
9025
-8510
-7222
-4807
2960
-3719
-9789
2912
259
-3612
1869
-2175
-5635
3510
-7900
6203
2332
-2572
-4671
9643
4143
-1901
-5695
338
-887
-5406
6949
2108
-5683
-4189
-7436
-4579
662
-2564
8040
1825
-7181
690
583
-801
-4981
-9450
5040
-6099
-436
-7622
-7655
-2634
-801
-248
-9642
9841
7036
5618
-9573
-756
-8064
-3190
-6298
9736
-1607
-7017
-3496
-8183
7338
-2782
-8252
-7186
-5460
-4019
-6614
-6402
-9710
2477
-2973
2724
-1708
-1895
-5218
5789
-1693
9465
-9749
-1394
-6526
-6940
7866
-9061
-3816
-6323
796
-5899
-1025
-6757
-4941
1237
2209
-9382
-3418
454
7106
-6608
-4139
-185
2079
-7661
-5553
-2894
-5223
5562
-5314
-4459
-6064
849
-9011
1292
4522
-7344
-3581
-250
-7397
79
2832
1293
456
-8396
746
3686
-1021
-2515
-7112
1457
-6339
6147
366
-5504
-5829
4205
-4582
-3587
-889
8837
-2017
9801
-787
-680
1121
2575
-9061
7555
-1760
-3658
786
-1798
1447
-8810
-3077
6763
7368
-8955
-870
-9502
-3648
-8135
-7419
-1619
-1151
-1071
-3570
3908
1264
1036
-8923
-8767
-9812
1919
2273
4823
-368
-2909
-6820
-4351
602
-5676
-6367
-9705
-4051
4696
-6140
-6137
4916
-1861
-9778
-4829
7560
8741
867
3449
-6093
-6493
-7970
-4351
-6890
-5909
5690
-7495
233
2655
-2667
1204
-222
-1201
-9672
4050
1430
-2523
-940
-4724
-1786
-1796
4743
-2733
2965
-6640
-6874
2615
6902
-2597
5215
9451
494
1567
4692
9226
2518
3551
3822
7154
-8896
1874
6387
-5926
3550
-2853
-3307
3552
-7297
3156
-3409
1059
-9443
-5335
1677
-3917
-3788
6348
-3508
4007
-9262
-3035
-5218
-4594
-8554
-8918
-1320
1736
8085
7344
1576
596
9209
-384
-9728
5709
1677
909
-2020
6930
9821
-2811
7999
-6077
2327
-1945
-6305
7571
-2760
310
7812
1657
4167
-5205
-2643
-4919
-808
7438
-1196
1410
-8386
-2810
-6317
7466
7772
6097
-2394
152
6391
-3952
-4877
3408
532
-8252
-6103
-8717
544
-4928
-7708
-3497
5452
1398
9593
-361
-6215
-7949
-4048
-1309
1274
-4878
1485
-8989
1943
-1397
-4364
-2855
-9328
-9366
-2451
-7423
-1341
-6614
-5084
-8574
-7822
1944
8212
-7683
-2436
-2727
-6876
-1428
3668
404
-9582
-1306
7698
5384
-2256
134
5892
-5666
-7380
4433
-8887
5349
-3979
9931
-5858
-39
-1892
5459
-4580
-765
-7849
-8593
8282
1993
-118
-5431
-9353
-6595
8777
-3020
-5702
-6
-583
1330
-2790
-1999
1303
-4709
828
-8389
9723
-4364
-7332
-7781
-1347
870
-466
-9024
-4935
-365
-6587
-4604
-6990
-5310
-6346
1821
-3310
-6052
2388
-8462
1527
-6916
-2361
-6994
-8207
8417
665
-5869
-6807
-5211
6221
-3566
-1920
4179
1655
-4968
-8491
-4076
553
-309
-8014
8778
7052
-9771
-6626
-5407
9293
4927
6965
897
7520
8002
5050
2986
6336
-3078
-2231
6427
-7626
-6501
-1391
-5359
-7138
-9848
9058
9688
9093
-9374
-7740
1339
1557
5056
-3192
6624
-2220
-1348
517
-814
-9751
-9483
-424
-8544
-6656
146
8248
-7995
-1841
-606
-830
1896
-4614
2382
-7561
-8860
-3339
-8472
1802
-2616
267
-3133
2739
-4027
6491
-2105
-5815
-7491
-4217
-7228
-3060
1922
7760
2440
3945
-7200
-4100
-885
-8584
9143
3230
-5582
73
6959
-5746
2549
-734
4264
350
9496
-3998
-7440
9201
5409
-5527
-8263
4418
-6327
5913
-8630
-19
-3213
9309
-3468
7115
-3586
8330
-601
1663
-1225
-8219
5383
2321
-1071
-9370
-6182
2265
-4906
-4933
-9566
-2690
-672
2960
-8364
5888
3396
-4082
-8545
2290
-1971
-3968
972
-1971
-9614
8447
435
4258
-7198
-3994
-6975
-3091
5084
1795
924
-4206
7270
-163
-6960
-5790
-8931
-8951
-4705
-6721
-7992
-3780
-1667
-5409
-8235
-7543
-67
-6121
8478
1898
-6385
-912
7049
-5126
260
252
7674
9092
-7884
3889
6723
7007
-352
1897
-7110
-1063
-4743
-6382
-6386
2579
-766
4646
-2374
8174
1970
-4456
5243
-6363
-7105
1906
-7297
-294
-8968
1055
1278
-1193
6324
-4253
-9329
4716
2406
-6416
6163
-6275
7419
-8771
-7820
-1984
-3300
-7248
1362
3652
789
-5379
3677
-1010
-834
-9519
-5954
-1304
-6421
-2383
-9733
7900
3953
-9440
3069
-5380
-3546
2045
-89
-1146
-3069
5718
6901
6887
-685
-488
-6595
2174
900
5382
8435
9026
-6751
-8467
7831
2148
-9562
2644
2184
-3429
8906
-4325
-1861
-3467
-5759
8507
1738
852
-604
-9965
-5682
2492
-143
-5721
-6545
-6109
-368
-5183
2236
8118
-4715
1242
1046
-7916
-883
7132
-367
-8325
-3630
-1528
1920
356
-4990
8629
-9308
-9329
-3408
-999
2095
-8733
-6888
1261
-5943
-1774
951
-3538
-1395
-6468
3581
8639
8986
7572
1818
4341
-4634
-4092
4578
7219
-6731
-6795
-7923
4212
-7924
77
-9989
-4152
-288
1458
-1468
7651
2738
-1738
-9689
4084
-1601
-9100
-8257
-3503
1683
-169
-6113
6523
1373
-1668
8059
-5345
-343
505
-9436
8250
-6903
1855
2107
-3456
-266
-4548
2945
-5410
3319
-6652
-5110
-5665
-2242
9458
7386
-9715
-1510
4200
-6801
-5415
-2485
-1795
9727
4669
-1007
5979
-66
6431
4904
-9955
1696
-967
-4649
-1184
7241
-811
230
-2404
-2409
7231
8112
-1425
-2843
2135
7802
-8898
-2824
-1533
-4349
2359
-4719
6895
-5284
-1768
-6044
-8371
-2855
-5068
-2099
-2881
-4119
-3308
-963
6263
-797
4126
4922
6300
2691
-7149
-5817
1264
-205
2683
5825
1168
-5460
-2557
1740
-2115
1376
-9849
-916
-3368
2928
-2515
-8583
-6158
4706
4627
6318
-8796
5624
-7061
-8831
-3779
-2598
-7166
-104
-8165
-2731
-8280
2170
9308
8714
-2706
5283
-8012
-4865
-4181
-2118
-9855
6265
-1566
5769
-9794
44
-603
-3837
-9899
6257
-6659
4075
-3623
-6280
4806
4822
5843
-8831
-6699
2508
-7045
2373
-3898
7446
-3672
-4613
-5423
-13
2189
6073
-5669
558
9211
-1673
5839
-5139
8299
-2246
9866
-1301
-8450
-1747
-5635
8426
1830
-4747
4174
1474
-8352
-6401
7199
-4069
8325
-2564
-4110
5124
-7585
-2258
-5523
-5541
8095
6563
-7524
-7762
6927
-4256
4311
-6813
322
8770
-8286
-1254
7222
1793
-7401
-3307
-8976
-907
5387
-946
-4721
-3104
9511
3410
-1891
1215
6839
-467
-7223
45
3019
-8414
2004
2371
-6089
-8160
263
-4193
-896
-6829
-8337
-5942
-2540
-7528
-8735
-4621
-4809
4563
-9375
2370
-283
4707
9028
1735
-4236
-684
-1552
9657
-70
4216
-9493
-4964
-464
-5679
-9517
-5244
-8011
1967
5772
5980
8789
5603
1978
-4386
-8982
-9206
-9812
-5076
-4636
-4981
1570
8770
2597
2023
-7992
2368
2033
-7445
6980
-9201
-9691
9164
-8945
1800
3909
3982
-3930
-8468
2522
-5564
-9340
-8869
-293
-4195
-344
1987
-1236
8315
-4387
980
-7580
2182
761
-2532
-846
-3421
1222
-4015
-9532
-9599
2848
8172
2815
-6414
-546
-3178
-3438
9187
-9964
8773
-47
8579
7256
8008
-2949
231
1828
-2784
-8769
-3919
-2948
-1262
-6560
1934
6608
8667
-8555
-2369
-8446
4420
-3469
-1510
-6068
-907
-6320
-6860
4158
-466
4000
4150
-9307
3572
1186
1878
-5296
-9239
1022
-4599
-5644
-6400
-4113
-5641
-3633
-9202
-1183
6824
-979
-3643
-1546
-3580
-2521
6910
-2068
-8542
4083
-3627
-5632
-1769
-6793
8473
502
8688
-448
-5949
50
1030
-4428
3719
-2101
-2097
-2624
-4472
-2877
-1839
-4991
-2831
2253
3933
6648
-4445
8859
633
-1412
-5431
-3247
-6626
-8583
-7854
-5032
-9820
-237
-418
6428
2682
-371
-7879
1774
249
-7989
-9688
-5492
-4548
1459
4580
1794
-6582
-9384
9732
-7536
-1292
-5893
2299
2734
-58
5129
1452
-9907
2839
-4440
-5964
8032
5059
2104
-6554
2682
-8390
9911
-7584
-423
-870
4062
-8616
-3483
-4166
-3022
-5577
8148
808
-5123
-9461
-4691
3896
-6949
-4647
2613
466
-5835
-4815
1127
-8715
6569
-9308
3038
2619
-9135
824
-2054
6554
-3583
1662
-7457
-2450
-8651
-9285
-926
-5869
-9723
1454
-8639
-841
-2630
-6477
-6641
3374
5572
-1662
-4805
-7993
-6583
4638
808
1279
-5695
4554
6396
-937
98
-8418
-7487
5889
8377
9307
-5018
-931
-3081
-1573
1705
2090
3670
1388
1840
345
-1678
-4449
797
1086
795
-2403
-3131
-883
2956
-7749
6166
-2848
-8165
-6451
1440
-1892
-2091
-8706
-5544
6359
9282
-1409
-7401
-9071
-2130
-5185
-1054
460
-6261
-98
3085
1626
-7984
-165
-416
1043
-3417
7733
956
-4439
-4792
-3824
-5222
-5634
-6274
-5067
-4331
-5613
3058
4640
-376
-2462
-1402
1012
6328
-4878
1953
-2416
-8588
1120
-1428
-5239
-644
-4991
-3843
-241
4992
-7149
-5995
2671
-7831
6023
-6750
902
4767
-6016
8818
-4084
-960
4517
6656
941
9945
9071
-9940
-5376
-4270
2854
-5193
-3689
7498
1548
6692
-779
6310
1719
8033
-1120
-1630
-2748
-6072
-938
-9548
2699
6983
1094
328
-2865
-3618
-4200
-7092
1559
4937
-308
657
8962
607
5739
-9938
9014
8890
3513
1674
-712
6424
7562
-3469
6659
2817
-7370
-3918
3987
426
112
-93
-4063
-3046
1589
6208
-7756
-4502
9377
-6145
-4972
-749
5030
313
5284
-5790
8926
8277
-2294
7312
-9185
1723
-8050
2063
-4912
-468
9484
806
1084
567
-542
-926
-2714
8802
-3634
8836
-900
7695
4406
-4320
-304
9856
-3579
-3929
5731
-7526
-8292
-1950
-7456
-6516
-4982
5537
7251
-9560
-4490
-6124
-1871
1753
-6469
1882
1721
342
-8161
-8582
3072
7860
5531
7887
2214
3387
476
711
-3635
-6951
-787
6989
7978
-451
1973
805
-6789
-8741
3487
4151
-741
2231
-8459
-3600
-5965
-7904
-8647
3813
-3339
6172
5966
-6727
3749
-8029
-5808
-2751
-4778
5198
-1553
-4121
-2753
-9198
-4967
-4053
2595
-2747
8181
5426
-5899
5805
2095
8856
-9313
-6255
-3849
5670
1184
-1908
4717
2252
-9034
429
8439
1959
-6147
-7048
2325
-2045
8761
5584
-9159
-4794
1230
-5360
-9744
-7987
-2185
-3680
2498
-1935
-6122
-3449
-8190
-2291
-2744
6012
9345
930
-8259
2498
4607
-7558
-3961
-6734
4228
-2005
-3822
-453
6356
-2147
-3598
-9690
6846
-4080
8227
7488
-6760
2136
-723
-6445
-2840
-852
4999
-5677
-2716
-579
-7907
2305
5661
-4309
-6636
-532
-1545
276
-6546
915
-8868
-3826
-7159
-9805
-2544
-4553
-9170
5693
-2584
-4950
-827
7494
-3976
-7147
-8274
-8154
8301
-2168
8175
-359
-2087
-3245
5736
-791
-1999
-7800
7501
-7151
-4325
5702
2195
1850
-7449
23
-4083
264
-2282
1593
434
-8647
-895
-7171
3263
-3029
-5667
1356
2851
1857
-6184
-752
-2090
2720
-3223
1427
-6641
-613
-7897
-5791
-3377
-3816
-3400
4853
-6881
-1076
-8051
1808
9571
9282
-8789
5035
-58
-7005
-403
-9008
-3756
2393
4171
-8346
4977
-5204
-4495
-9972
-3034
-2065
-1059
-6328
313
-6719
-700
8673
-3006
1644
1841
-6552
7259
-9998
-1610
-4706
693
-6294
-8775
-5900
-5742
-1435
8344
-7220
2128
-7307
-309
3944
-4927
719
-3068
3842
1893
3825
383
-4553
-1711
-9824
5461
9581
7600
9395
-2607
-436
-9717
-971
-6231
-9779
-2804
-7546
7496
7773
5695
387
-1306
4634
-6823
-6265
9797
-7525
-5251
-8077
-1676
-7973
-2501
-5846
-2638
-2772
1919
7137
349
6893
6751
-1771
-3233
1924
-7493
-2276
49
-9406
6317
8609
-1026
-8146
8437
265
-1468
32
8215
-9989
7073
9387
3020
-7681
1675
5726
2386
1319
-8476
-1557
3240
1772
-6202
-7926
1014
2170
-2843
-1158
1649
3888
-9678
-3609
-1983
9408
-6172
-4433
-5925
4381
-364
1190
1555
6773
6087
-8069
-3691
-6405
7347
-716
-9360
-7061
-2440
-192
6165
-7765
-4295
-7443
-7551
1100
-9498
6518
-2697
-4138
-7783
1857
3283
-8211
9442
7720
4378
-6074
-4446
-6475
8533
-4866
-2144
-4748
-4320
752
1297
-4218
8446
-4733
2778
-1777
-7986
1058
1566
2812
-4795
-4337
-338
-6498
-5230
-7462
-2744
-2790
-345
-4850
6880
2239
217
-9361
-9035
9495
-8957
-4097
-4623
-5920
-395
-666
2317
-1896
-829
2546
-5233
-9822
6750
-5283
-7525
511
6154
-7634
-3291
-6530
2925
-1117
-1269
1402
-7067
4751
1957
5408
-7359
7870
-9385
-2480
6473
-7648
2566
1029
5662
8196
-3503
-5960
-1722
2116
-2433
4514
-6263
9602
2361
-7937
3192
178
1233
5212
6350
7640
1066
-5111
-2823
-6158
1404
-5840
-9895
1210
-2388
297
5996
-8090
-9148
1069
7137
-494
1060
-3287
-8813
2078
6134
724
-6247
-8424
5216
-1850
-1992
-2241
-1797
-7361
1500
-2367
8748
-369
231
-5691
-534
-2216
171
-434
2367
-9044
1811
-6594
2581
-2947
-3578
-1257
527
4150
8175
1929
2935
5123
-7788
-7413
632
951
3314
2401
108
-2449
-3294
998
-8135
-6444
-1797
-6739
-5928
-2080
-6659
-9312
887
2432
1609
3660
-5153
-8577
-3914
6399
-9449
-5819
-3294
-7441
-5876
7446
6406
-9345
-6200
-6914
77
-611
3115
-4201
-3993
-7888
6105
-3904
-6247
1969
-402
-5906
4759
-9896
-5222
-1907
-7596
8121
-4340
-2724
-6664
-5428
1320
-6626
-3660
5621
7838
-2989
-3437
-8419
-2789
-5789
3058
-130
-1857
-7813
2546
2502
-5550
953
-2199
-9668
-363
5422
1441
6654
-7051
1114
9469
1933
547
7291
7254
-9621
-5850
-8501
-3409
-1372
-4110
-4506
2022
-5523
-5514
5484
-4727
2985
-5741
-7194
-3126
-6831
5489
-500
-3242
1779
-7469
1669
581
-3045
8204
-2129
3563
9937
-4052
-7964
-139
7012
-2339
-7405
-935
-1211
-683
7988
5060
-8233
9315
-8736
-6471
-729
812
-66
-8581
-3274
-6598
-4324
3592
-7168
-5230
4956
4009
-3530
-4888
-9289
-7993
1132
-9713
-35
-7713
-1797
6067
-5027
857
-9760
-6103
-6362
-170
3653
5448
-2580
-4343
3425
-1935
2668
-5686
8034
-2027
-3374
-7708
-4758
-9639
2522
-1803
1206
-7856
-5450
-6856
1446
1204
-6415
-4163
-8997
-817
-5389
-5445
-7653
-6436
-4988
-7641
9180
5006
4083
-5020
5375
2735
7992
-7202
-6440
-6484
-9001
-2124
4921
-241
1193
-207
2182
-7698
9208
-6425
-6263
-9981
-1177
-780
5772
9659
59
-2397
-2431
-7471
-5739
-2854
-4827
-9826
-5409
-8623
6439
-951
-4759
-1247
-5211
5479
3412
3615
-5292
-5667
-8784
-8216
-5205
6954
-5696
-6310
-3911
-7196
6727
3022
-9357
-9795
-9698
-8132
-874
-9613
-8575
9500
1769
1502
-682
-7016
-2366
9387
-5592
1469
-7956
-7861
-7248
-6194
-5626
-7028
-4811
-1603
-3313
298
-7333
9373
-317
2078
7928
5235
-164
-865
-8638
-3158
-3898
-216
6131
434
9648
6840
-924
-5505
-5863
-9126
2301
405
-6567
-8157
-591
-697
-9385
-1756
2532
-8100
-8422
2134
-5842
3061
-3543
1276
-9054
1257
-4657
360
-300
-3558
-9960
5979
8656
5604
5569
-365
1710
561
821
2623
-6384
6901
369
8535
-5791
918
-7413
-5301
-1152
-1429
-3502
-3207
-8158
-1783
4218
-5885
-3344
-1638
-9233
-2144
-8426
-559
4946
-5487
1632
-7462
-3165
-1065
-8962
7924
-7751
9123
937
-3069
-5186
-1010
-4982
-8448
845
3338
3799
-7276
-3742
5272
-6947
-6204
-4008
7996
-3418
-6001
1961
1198
-6315
-2664
-9315
7379
44
-8292
-1471
-3382
-7621
-3951
-5614
-4852
-3568
-3353
4807
5583
1201
-7636
-7132
1609
460
2683
-5488
-9667
8332
-4692
1741
-6001
-3696
-9747
-1916
-7205
-7467
-4587
5122
-9752
-3235
-75
-2657
-8135
-7445
-9041
2888
1923
-9844
-3159
6164
-9246
-4674
5
8601
8944
-8502
4813
2692
-1363
-4751
-3478
-9950
-9276
-2414
-6144
-90
-4879
-7711
-13
4744
-9222
-2982
9705
2217
519
-5639
-299
3103
-5647
-2714
179
781
2546
-5766
4914
-623
1222
-2537
-3283
-7226
-1388
-5415
-7771
-2498
-5084
1781
1708
-2311
1781
9696
-1609
8504
-6927
-3319
-7327
8166
-5344
2091
-7953
4546
-7909
-7416
-501
-1669
9061
3501
-8678
-6535
-9227
-8742
2343
-4419
9816
-5847
-1753
-693
-9162
9828
2585
517
-6321
-839
-6547
-488
-4013
5685
-2137
-3716
-4215
8779
-2910
-6343
5710
-5771
-7718
-5435
-3229
-2563
4485
-5642
-8090
-1856
3043
4181
4641
-2263
4182
5902
-800
6084
-2861
-9200
4554
-5100
89
-9421
-3479
-2619
4481
2678
-52
-3809
4951
-663
525
-8
-6585
5781
4980
-906
5148
-3057
924
-5972
-9658
3249
8311
-7677
-4870
-881
-8370
-5506
-5506
-8508
6508
1564
-4061
-8562
6428
-2528
-9160
2297
8783
368
1236
-3649
-1693
7227
2427
1584
-6946
-6979
614
270
-507
7177
410
5245
-1120
-2531
2747
-2279
7271
-3111
-2652
-1145
-8293
-9162
-329
8755
6675
-3218
-1805
-2130
-3238
-6684
-1885
224
-9962
-3294
-9282
-7873
-6802
-7491
-6324
-6917
2340
-1796
1286
-4067
-5527
3169
-5821
-9838
1711
7454
-1427
4165
5155
3147
-9030
-6648
-5324
5722
-327
-1795
-8809
-4217
-9523
5107
-9616
1559
-1834
-6359
8744
5113
-6315
-644
-4893
-7152
-8814
1629
-2891
916
3127
1827
-5773
-7274
1217
-9695
-2550
-5119
8853
5752
4300
-1880
278
7120
4975
-9986
-1930
-5151
1528
7266
-7313
-2631
-2444
1596
-1750
-3845
-117
-5269
201
1955
-2192
3713
-1214
-4974
-1159
2661
197
710
-7977
-8828
2286
-3832
-8610
-5373
719
43
3846
-238
5067
-2540
-3435
4427
-3796
630
3101
1456
-6764
-4224
-6493
-169
1358
-2919
4255
-6706
-3095
1768
-6743
8505
2311
6588
-2093
-3048
-5969
6210
1013
-6222
812
-5349
6375
-8020
496
-3823
-2191
1529
-8551
6823
7208
-8775
3832
209
9267
-3525
-5972
6020
-1333
132
-4041
-7314
-2837
-2314
-9943
-7543
-1337
2057
641
-50
1912
-8004
-2218
-7005
3960
-6574
3344
99
-3212
-6122
-3140
-5644
-994
-6591
-2049
2840
4130
-3587
524
-9971
1628
3436
6514
-6355
-6072
9988
-7721
1686
-5479
8892
-310
-1615
4815
-1943
6261
6607
-6398
-5940
-8079
6319
-221
-7032
2750
485
5991
-752
4532
6749
9818
-7319
563
1980
-6214
-3316
1858
201
-5563
4780
-6474
7118
7475
-9703
-2990
-6089
-3102
323
-7248
-1372
-7634
-188
-7205
-9442
-1558
-2888
4071
-9759
-4278
1485
-933
-8059
1730
7268
204
9754
-5844
2092
-3696
-6227
-5042
-7915
-8078
5972
-9349
-1080
-7775
1383
7321
-2191
6703
7213
2915
-3585
-6442
3769
-2514
2509
-1283
1971
8595
-3933
5309
-4644
-2750
-3786
-6020
-5458
-3714
-7689
-2044
-8991
-7959
1514
-5937
-9517
-2757
-7692
449
-7416
8924
1883
-3334
9359
-6488
40
-2707
-4473
7001
-7822
-9078
-5439
-9403
-8491
-4733
-9144
-9790
-6552
2765
-3617
-2381
5329
8710
-1748
5917
-6674
5655
-8271
-6726
-6654
-3881
-3774
-3470
1801
8604
9843
-280
1126
-829
-9361
4593
-1909
7863
-7021
-6678
-6000
7509
2002
-3575
-1981
4840
-2440
2901
-3197
-6819
-6763
-6734
-5393
-2959
3034
-9632
-4645
-3602
-2052
1413
-831
-1352
6754
8232
-1151
-8443
-7459
-8448
6275
1353
2738
8427
3994
-3911
3745
2625
6861
1426
-801
2476
3896
-4687
-9370
-12
-4144
1509
9330
-7019
-6842
-7763
-5215
-8707
-4817
2043
-8509
-6960
1121
-8329
-7340
-8852
639
-4918
-2874
397
3450
-3909
6269
-2477
-3506
85
-9795
-6014
-1963
-5461
-5208
-6042
7163
-1315
-9438
-1599
3085
1146
-8233
1408
7223
-3031
-4002
-6262
-9876
-542
8289
3103
-2550
2915
1045
6557
-9704
1919
-8850
4579
8561
-1446
-8904
-8262
-606
4082
-224
-493
-9032
-8865
-1711
-3252
-2570
3360
5318
5144
6724
-6516
-7235
2750
-8755
-4112
-8058
3583
-9142
-3880
-5592
2591
-3266
5167
-3106
-1830
2586
4742
-8134
-958
-8664
5423
-8969
-2591
-6866
6068
-6454
-9025
2762
-7100
-3978
-2133
-4229
-948
-6875
-1901
-8628
-4281
304
-9259
137
5078
-2327
4251
-9071
2290
4466
1891
-9549
5666
1355
3102
4273
-6167
-3530
-9575
-6426
-4669
8980
-4833
1616
-2415
-305
-3071
-3960
5776
-3810
-9361
-8337
-5266
-5786
-822
4142
3105
-9859
123
9789
-303
6227
8548
1924
-1481
1714
-1578
-2656
-7159
8164
4997
2857
948
-2220
-7591
-1966
-6517
-1989
-9403
-7377
-9600
8852
-8707
9247
4209
2510
-59
-7615
-4605
-8339
4390
-8281
-9644
4234
-7068
6357
-7635
-4362
-2125
-7102
-233
-4888
2313
-3331
-8720
919
-4785
-2443
4928
-6594
1886
4668
-7388
-3157
-3418
-2781
-5261
-5645
-1170
-504
-2685
-2909
-8700
9400
8259
-2531
-6484
-9011
6444
-6398
1630
-6917
186
3246
-5521
-4182
-9601
-1791
5103
8934
2803
-5820
-9743
-5261
-1562
-789
1389
-4284
-350
-7558
5325
-5842
-9429
-7100
-6531
5944
-4347
-5386
-2010
-4586
4635
-2309
-4545
3254
700
952
8353
698
-5751
-2757
7484
7944
6253
-8909
-2840
-7777
4077
-2752
2367
842
-8417
-1907
-1879
-5990
-1888
-6663
3577
-8499
1345
-4260
-3977
9879
-4541
5003
-3749
-2503
-5534
-4748
7236
9588
3414
-1074
-4927
6340
-4554
-8173
2189
2693
-4097
-3378
-7167
-2563
5912
2321
-7636
3507
-9075
5963
7136
-7806
4099
-9383
-6265
-8554
-2390
5945
2685
4173
-2634
-4377
-9119
-1345
8652
-2528
-1052
-2621
-1191
1005
5220
241
-601
-1986
637
-8156
4562
7539
5182
-7774
-5993
-1120
-4743
-4354
-5233
-8526
928
-4929
-3877
4238
-8212
7610
-928
1241
-6208
-9115
-7404
-5125
-9746
-9715
-8678
7401
-2952
679
-2549
-4583
-775
-8088
-2282
-8616
-9851
-5137
-6840
740
-881
-1783
-7538
1937
-5080
-6409
4509
-3088
6194
-6361
-4186
2674
8618
5452
-4712
-792
-7032
8556
-3773
2253
-9552
1106
-4109
-3866
-5120
8690
9354
8424
2827
-8766
-2871
-966
1031
5004
-8214
2557
-8822
-7803
2615
8778
1362
-3170
-6220
186
-4476
-4420
1407
-8148
-3335
-8348
-2214
962
7412
9273
-5879
780
-7753
263
-1063
-8149
2453
6275
-7936
9037
5067
-4629
-6103
3582
5451
-4331
465
-9279
57
486
-8754
-9030
-1639
-7618
5808
-5264
-9015
-6689
-4245
-4143
-6389
-1948
19
4983
-3962
7923
-7511
2857
4719
-9959
8757
6565
-799
-8109
8212
-7813
-8365
-7795
-7276
-290
8941
2182
1982
1913
-9807
-7908
-4782
-9667
-3296
3236
1979
8961
-3297
5434
568
-4022
-1736
-7
-2942
1259
-7170
4942
9872
-6489
-8526
-8599
-2062
-288
5614
2355
-8537
2187
9205
-4538
778
-8705
-6701
1593
1009
7193
1893
-131
-8975
-6309
793
1763
-5372
1552
-5166
-4761
2414
9336
907
-8729
8250
-448
9991
-522
1772
-47
-7521
-6511
-6605
1740
410
2608
-9315
-7372
-8058
9058
-2512
1646
-5310
-4081
-1512
-1307
-8035
9737
9531
-8271
1724
-7776
-9583
-6473
-7713
1679
1371
-6796
1222
-2334
-2263
-9129
-689
-3599
-7361
-8563
2180
-5364
1311
-1951
1299
-1156
5308
-9436
-5633
7302
6518
4009
-7243
2707
6183
-6316
2208
-7282
5657
-2796
-7712
1166
4122
-2004
-1062
-5451
-6189
-5413
-8664
7000
-4812
-4044
-260
2366
-9483
2157
-1469
7663
825
-4799
258
-3034
-7245
-626
-5079
6376
8431
-3167
-2074
-7
-728
6195
2680
-1848
-3969
-9230
806
-5323
-9937
8452
1299
781
-2790
-5014
-8855
1523
9961
3714
-9988
-8187
6738
-6481
-8235
-8934
-4135
-1316
-6111
-1199
-8003
-3329
8885
6057
-2103
-2276
1678
-4886
1268
-22
-6504
-1427
2055
8443
-1612
-1637
-488
-172
51
-5135
-5982
3941
-8664
-8989
1452
-4907
-7811
-9976
1070
5533
-154
-4074
-4459
-3527
9620
-8347
1957
5947
-3286
5178
1407
-9216
-6893
1028
-6397
-7003
1013
-1751
7544
-8738
-2590
-577
9161
-4545
-5458
-971
9714
-2723
-6169
-9765
9083
-6794
6655
-1186
-8700
5590
-6965
-8202
5666
7476
9972
6591
2665
-7270
4739
-7197
-4918
4719
-1505
-8706
-3073
1679
-1923
-4572
-8187
-6664
886
-6944
-790
-3733
5654
-4874
1639
6385
-9836
-4652
-7250
6684
-7898
-2523
-1272
-9680
1780
9954
1433
-9631
-2612
-8304
5125
-4098
441
-6523
2392
4014
-1330
-8148
-9506
-8710
8073
2637
2268
-9494
-8844
5798
-5734
-7788
-4563
2363
-5826
-9803
-9081
1175
-2594
-2282
-15
-9015
5976
-133
-5414
-1293
-9381
-4231
7371
-1342
1608
-8254
-5827
-8068
3678
-8982
-4211
9667
-4144
-2717
-566
3152
3517
1994
-8783
5216
-1670
5416
-4644
-1417
689
-1231
-9418
-9472
1964
-5902
3762
-3660
-2220
-9527
9021
287
4121
-1098
-2063
-5121
9163
5617
-7062
1164
1584
7195
-2050
4060
-5801
-8807
1001
-1785
7083
-3364
-4823
-2037
-350
-2201
-7385
-5460
6945
-4148
6877
3070
-9990
-9673
4343
9700
-3118
-1650
-9392
-5832
238
-7656
-661
2030
-1534
-1382
8698
-5868
-7855
3273
6431
9724
-298
1469
213
-7523
-4673
3298
-2256
1335
1403
4629
-8509
4406
8339
-4660
1504
-9416
-1283
5207
5670
-749
-3251
3686
2325
9522
-9840
-9524
4805
-6755
-3021
7554
9432
-1244
104
-3634
7597
626
-4690
-6554
-2090
-122
-2300
-8463
3533
1828
-9017
-4787
-2111
-8250
-8608
6197
-5033
1078
1268
-9244
-7088
-6753
3263
-6699
-537
-8285
-3420
-4180
2845
9447
9607
27
-1644
-6954
981
3358
8739
-6812
5604
1000
-3776
-7215
2720
3811
-5437
-7343
1314
-4175
-2352
-6197
-4313
-104
-1432
-6529
-9289
-7363
-8537
-7574
-146
4017
1494
5519
6938
2762
8054
-1523
9214
-7695
2301
-6761
-479
-316
-4375
1765
2115
-8075
-5425
6822
1231
9140
3988
4153
-9841
8844
1504
-9960
-4380
-5426
-337
-4067
2261
-9451
-3349
1345
-4536
2657
-9384
-2205
-2095
-3511
-7346
-6712
-1499
-6898
-1077
-3543
-9542
7279
2953
-8823
-7636
7269
-8435
-3481
-9674
-7736
7618
692
5740
-8720
-4249
-2941
9223
5220
1571
-1879
-9571
5582
5571
-2789
-8492
-5429
3068
-2752
-998
-7157
-9392
-1182
8366
7285
-4357
2246
7809
-8116
-9212
2333
-6079
49
-7978
-4488
-1004
-4533
2549
4899
-1755
291
425
-6774
2781
9011
-258
610
-2797
9376
496
6917
7651
-1725
8001
6780
-8060
-6479
3341
-5566
-7467
5202
3200
8997
-4132
-4812
-955
-3057
-7576
5926
-2590
-8250
9565
-580
-7870
-1903
9810
5435
-7212
6142
1490
7889
-6125
-9088
-9813
-3455
-5979
-7461
3846
-9976
424
7269
1684
-4483
4872
-7354
-4054
-5803
9462
-9153
-6768
-3543
-3946
-8589
9972
-4041
-7944
2052
-1022
-6580
8266
-6538
6363
-445
1356
1273
2521
-6357
-2812
-8502
2235
-537
3250
-136
2275
-1097
-9755
-3546
-8873
6686
6033
-2862
-1200
-292
7034
-812
-5487
5723
-2446
-7702
2392
-687
-8504
-9038
-5163
5220
-2463
-3145
-7561
-3895
6085
-1138
-6483
-269
4629
1987
4267
4745
-6175
1265
3241
-2506
7966
-849
85
-3897
-1036
6353
-737
3152
9655
1163
-3204
8304
6170
-4228
-3512
949
-6530
7171
-2100
-8989
2130
-5261
-3807
-7118
6583
-4243
-3277
8504
1248
491
4073
8389
-9084
-195
-3485
-7854
-1171
-1553
1316
5150
-1392
-4974
1875
593
1570
-6246
-9153
1443
2186
1317
-5731
-1245
-7662
4574
-8512
5137
353
-4352
-1117
-6580
-83
5216
-8034
-7468
5293
-92
-605
2118
-6322
9752
-1207
-7218
-8890
1987
-3578
-4772
-5715
-7723
2302
-8907
5931
-956
-3977
-6962
9325
-8521
1652
5173
860
-5982
-5373
-3952
8368
6324
-6480
-1686
-7585
-147
-865
-6390
-3843
-9485
-9162
9575
1376
-1336
3871
6266
-735
212
5198
9522
-9366
6922
7807
877
-6998
-1625
9957
5829
-9458
-4418
-290
-6518
-2033
-2095
-3638
5519
-4412
-2078
-5380
295
-8253
-7509
-2381
-2319
1766
5098
-9405
6610
-2939
-3134
440
2209
-3025
-5059
-8324
-8470
1651
5847
-6537
-3125
2753
-4297
-7176
1667
-7085
8320
-5329
-9141
-5436
-9721
-1690
-9147
5993
1701
-6906
-5515
-609
6447
2077
-3060
2755
-5884
4420
4333
9314
-89
1562
-8598
-6385
-5715
-9738
-2226
60
3802
-2695
-8448
-9756
1894
-7413
-6489
3845
5446
-1631
-1655
2806
7369
-6054
1529
-7722
223
-6029
4017
-4671
7042
-7143
-6469
1226
2061
1566
1909
-7160
-7183
-537
-7849
-5752
-7284
-4403
7406
-7415
-8307
-892
-3191
8849
-8473
-5163
-7457
-1071
224
8949
-2713
-1264
-3708
-659
2376
8298
-540
4193
-8395
2738
-4326
431
-521
1633
-6227
2901
-6675
-8150
404
-6920
-432
9870
5055
418
-4515
-3027
50
-370
-5171
-1595
-7502
-3169
4391
-4778
2405
-2411
-7368
-6461
3925
3425
-2718
-1376
-1547
-1225
-2317
-8697
3752
-5498
-8457
-2451
-1122
-219
-6606
-9610
-1953
2031
-7738
-7932
2126
368
-100
9174
-2074
-4351
703
-7057
-8566
-3407
3181
8532
25
3811
6219
-2661
7686
7391
-428
-4641
-9144
-3550
1215
-1991
9104
-2405
-1383
810
2714
-2288
1263
-35
1220
-1753
-9775
-6290
679
-8287
2713
-5978
1370
3337
1258
-1946
-2213
-369
-9003
-3444
-1452
-5524
-5725
3539
-840
-6349
-6322
-5357
6097
-8640
1680
-3210
-7403
2257
-6465
-9823
-1315
2934
1592
87
-2503
-406
-3394
863
2557
2213
-3653
-7518
1506
-1045
1133
3164
-8664
104
9765
2249
1472
-4130
-4503
7015
-4472
-2210
-6596
3421
2746
4246
-2945
-5801
-6241
-9559
-9673
-5259
2791
-5116
-8974
1253
-2308
9487
2309
7793
-3019
-7421
-4168
497
5931
1755
-3742
-341
-2363
-9938
-8134
2201
2658
-1763
-7609
329
-3058
519
-3274
-7257
-1966
-282
-1160
-1355
-9226
-7501
-1217
-2271
128
4365
-4750
-7210
-1252
-3846
-8772
-6124
-7135
1549
-9947
607
-2062
2505
-9562
-1803
3395
-8540
-9449
-29
475
-3825
-83
2969
2688
1588
-9921
-3335
-1135
-2685
-8688
-5193
2800
-2073
-9880
-3650
4546
2524
-5146
-7698
2264
-8219
757
-1072
6926
503
-9735
-5023
-6765
-6372
7575
402
1833
-9898
5386
-1516
-3216
-1248
311
-4562
-6784
762
-6425
689
9299
-1338
-3118
-1523
-8085
-8913
2233
6758
-5102
9387
-8713
5122
-9345
-5918
-7142
-5499
-1670
5548
1996
-1955
3777
7745
1590
-5118
42
2379
-6424
-1736
-217
2530
-9134
-7209
-9966
-302
-2891
943
1601
-4964
1986
-2557
-1636
-9592
-7657
4224
-8848
-1873
3888
2408
-1117
-7332
7360
-8913
-9431
4506
1147
-3031
-1003
4452
-7240
-2556
9428
8864
2005
4979
-1163
-8431
-5381
2185
3086
3052
3493
8240
3675
-637
699
-368
-8056
-8055
-1277
-6445
-8718
-2154
-3941
-5619
-4790
-4889
6367
468
-1927
5421
-4239
1941
-7190
1501
6138
-6903
-3644
-3313
-7924
2404
-7115
-9629
-5237
-2223
1431
1574
908
2045
5295
-7531
9660
-753
-8494
8577
1027
-2688
-566
9780
9258
1383
6816
4850
6555
-4746
2098
-9564
3176
2212
-6107
400
-7314
170
-2045
7726
6269
-4398
-5414
-9162
-3632
-6708
4973
-6179
-6848
5539
649
2530
-4255
-5136
949
-7483
-6780
1102
7121
-295
2429
-755
7127
-2247
4423
1067
2339
-67
204
-7586
-7715
-367
-127
-1224
-3254
-7170
-1743
-4730
-6520
-3318
-4645
2166
-7840
-3515
-5762
7621
-8272
1124
-3115
1294
-1230
4362
1215
-4156
-9700
-4506
-1888
389
-2298
4384
4460
-9395
-1398
-8362
-94
-4724
1105
-2141
-8939
2707
2059
-4479
-653
-4686
-9858
-2606
-3390
-3770
-7515
8889
4742
-5456
1135
-2163
-5944
-7422
-2770
2258
2170
123
-589
-1442
3061
4574
-9929
-9692
-5147
-4938
-8492
-6353
-185
3164
-9315
-6933
-7630
-6849
5518
2381
-9260
-5825
-1799
-9877
9278
-4580
-2996
-8979
-125
2573
2259
4901
-1315
-8873
8182
-6398
-304
-3017
5191
3236
2900
-2691
-1377
-213
-9907
9799
-6395
306
-3107
5827
-139
2147
-3877
6067
1527
-1534
-5627
-5062
3221
-9490
-3562
-6511
-5998
-8695
-558
-2691
914
-9165
-6937
-3905
131
6269
6390
-7891
-3466
-1188
-913
-4163
1037
2012
-5987
-5594
-134
-4136
1730
-8949
7686
4744
837
-6669
46
2010
2056
-3116
9812
-4093
-6850
-4808
1332
1752
6240
-2526
-7435
9048
-2638
2600
-6620
5132
6230
-7129
-8069
-8781
7290
1938
-951
-5419
-4626
-6125
-7667
-8125
-8062
45
97
-4136
-9948
-8386
-9760
3102
-7314
8816
-8959
-3048
-8221
-4954
-5565
2236
-7981
-8229
-6512
-2205
-2969
-7445
-488
284
-8323
7919
7111
1220
-1815
-2354
-1835
-8965
2343
977
-4426
-7407
5361
2136
-4352
9376
615
-1332
-3229
-8321
-6152
-4429
-6345
-8013
-3744
1195
768
6024
-2450
-7854
205
-8479
-2643
-6173
572
-3892
-932
-7225
-8922
-5576
3645
-8760
9334
-2643
693
-1497
9594
-6062
9201
-5549
-9633
-3119
4391
-1359
-361
-3453
5663
-7711
-1281
-9085
7155
-3803
-2528
6569
5907
-9641
1074
2515
5771
8036
-8761
9733
2664
7928
-3417
-45
2073
-1930
4375
-4678
2100
-4915
8800
2615
-4103
-3320
-2227
-3117
7226
6759
1493
-9027
-1478
-6838
-9256
2556
-4171
-876
-4624
-9948
1057
-497
7554
-8794
-7917
-949
-9583
7595
-3930
-3444
6559
2020
5432
-9594
8620
-9190
-300
-5054
479
2223
-2376
2753
1126
2110
-2355
-6740
-4574
-2365
8093
9248
893
-8732
-6234
-5618
4893
6884
-185
135
-9250
-7875
-4670
2514
-1318
-5389
9478
-9471
-2965
-894
9380
-2941
3382
1115
3233
2105
3711
-7891
5526
-9393
-6047
3751
-4942
773
1858
-9410
6048
-5589
2401
7529
-9304
4854
-6317
-9964
7513
4559
-2449
-3597
1445
-3511
840
-8520
-9877
-6059
3609
-2399
-5411
8633
-8475
-1068
-5222
-611
4735
-6130
-1220
8489
391
2615
7833
5229
7958
-9543
962
-5601
-3396
756
-882
2441
-9592
4491
-1763
-1468
-2520
384
-5098
-5120
-208
9513
-843
-4634
-6335
-2056
-6973
1087
-5085
1984
-1756
-9131
3732
8282
-4873
7004
-1821
1250
2073
6410
-6914
-9945
-2804
-2323
-2933
9762
-6314
-3876
-3245
-922
-2771
-3540
-6233
-9830
1329
4553
-2886
-9148
-6024
-4451
375
-9659
9363
-4397
-8528
-2996
-8282
-1729
-1583
-729
-8646
2207
-3710
-588
2106
8446
7777
-1407
-6982
-2056
8051
-3472
9460
-6366
-65
-7779
7959
2122
1211
605
-8126
989
-8734
2215
-2260
-7641
-6140
4537
-6999
-2368
-4471
-7855
-344
-2139
4495
3876
9217
-5305
-5711
3919
9454
1886
-8594
-6424
-1035
-5816
-2394
3801
-2704
-4015
-4057
-1810
-5721
-9848
6475
-5332
381
7260
-4807
9573
3852
9287
5106
1289
-1841
359
1102
6975
5512
269
-2906
-5836
2075
-3237
-8019
-5998
6427
-1272
-6877
-5930
4518
3270
-1877
-4163
9298
6918
858
5789
9514
-9895
-4043
2680
756
-9733
4243
-3626
-6730
4202
1863
-8661
5752
-9220
-9052
4314
5194
-8333
7288
-4837
-1399
713
7099
-6787
7263
-2448
2445
4882
-1655
2463
-1990
1920
-4003
-1786
-3776
-930
746
-4030
-1228
-4670
-6142
-5193
418
-2989
-1994
-4262
-652
4838
-2718
-626
7191
2888
2794
6419
-9417
-7561
-5438
8858
1492
1302
-3852
796
1326
-2336
5917
-181
-4348
-8644
-4136
3560
-9506
-4590
-5346
-7658
2760
8670
-1873
-8049
-3775
3
972
3575
-559
2112
6853
493
8898
9513
-2086
1961
199
-8753
-2021
-2941
-892
-286
-3247
5136
-9914
-4902
2531
-5902
-4517
9361
-7149
7888
-7234
1170
-6426
1828
847
-4905
-5874
8243
-3088
2414
-8062
2114
-3903
-7843
-7029
-7450
3091
-7256
-7579
-6306
-7777
-8047
2916
829
9427
-575
-587
1481
-8690
-1819
8102
7275
-562
8474
-5945
-6626
-2615
-3574
-6766
8267
-2407
-9223
-245
-5642
508
187
-446
-8935
-1893
1225
-4162
-1261
-2488
-2412
1276
-4455
-5779
-3592
-8747
-5867
-1245
2197
-1313
-7216
-1408
7484
-4647
1897
-2954
-8668
-2753
518
-937
-2872
-1915
-5164
892
-3862
-7294
-8372
-7223
2294
-3799
-6933
-4983
850
-7136
1614
-2625
2761
-3893
-8384
98
-8308
-7415
3144
-3299
6976
-670
-6167
-7458
-4593
9279
5552
-3215
-2269
-4744
-477
-9717
9107
6103
3107
-7484
7900
-9038
-2385
-8183
-5774
2876
581
-3086
-7398
-7425
-913
-8112
-3727
7467
-934
-1877
-6866
-4374
-9846
-7448
-1967
2135
-1332
-3122
-973
7376
4460
8749
3677
-4121
5289
2326
5695
-5282
4454
-9040
-1536
-1037
8738
-4019
-2542
-198
9002
-585
6571
-2070
-2291
6802
-3216
-5572
-4271
7261
-3149
5553
-8381
-489
-7905
9393
4053
-5974
-9008
-4902
-60
-7674
-4792
-1224
-7049
2533
-6368
-7056
-6705
-9928
-4803
-9757
-582
-1600
8707
2738
5451
-8197
-6611
-8002
2726
2820
-3939
-6573
-159
-4492
-1809
4037
-7225
-1873
-2314
-6249
-1954
-3940
609
-1179
-4692
1522
2524
6331
-9323
-1895
-7841
2435
1224
-2863
2592
-2422
5115
7311
1356
5146
-9388
-345
-4650
2119
-6487
813
4910
113
-2070
7328
-3051
-6775
-195
-6114
-9295
-1683
-5141
8253
1723
-7974
-7941
283
-6206
9922
-1860
7123
1930
-6633
1508
-7372
-1804
3988
8289
6924
8198
-619
-730
-9045
-4448
1442
-345
-8892
-9771
2902
-3668
-1480
-9987
8508
-3297
-6514
8840
-1833
-7705
228
2957
5094
-7748
8590
3147
6885
-9648
4947
6065
-809
-6349
2523
-3659
-4574
190
-2349
-1938
3453
-3547
455
7232
-9211
-976
6095
-3375
-522
2604
9487
-4731
4281
2693
-6082
7145
887
5713
3274
-5240
-9863
421
1043
-9946
-5269
2967
319
2541
-8134
1338
1136
-511
-3415
6891
621
-8548
-5407
-9807
-437
-1195
1861
3326
-9978
7905
-408
3772
2448
-8739
-1984
739
-5587
-4755
-706
334
-9954
-5632
7894
-1904
-6020
-3884
-7229
-1308
-9401
-2942
-2640
2370
7298
177
8945
1369
-7467
-5010
6832
6298
-2404
189
-2515
-9200
-7967
4851
3272
-2086
1218
-4835
-5318
-8240
-2725
6148
3746
-6264
-5154
9107
6375
8513
2051
-1834
2842
-5644
-4023
6184
-1830
528
-1803
-4506
-1122
-6519
-9318
1063
1040
9967
-5990
-5135
-3242
-9347
-8367
-4957
-8139
53
2097
-8359
-6570
-8119
-5943
113
-9398
5210
-3381
2086
-9363
-1787
-7408
-3961
-2008
-9604
-5132
8036
-9734
-2029
7558
-6748
3032
9437
-7933
5663
-879
-7562
-6593
1960
-2217
7011
1769
-5494
1403
-1577
-1273
8759
7544
-2058
-6681
-36
-2798
3840
2874
4570
-639
-9851
-8488
-7791
-2359
-5375
4168
509
396
-6173
7780
-6523
-8445
2349
-809
-3215
-3672
3651
-1334
1341
-104
-6211
-831
-9843
8982
-449
3519
-6881
1234
6732
2993
-6844
4621
2645
-3319
-9451
-5643
-5031
3498
377
-5770
2504
2308
-8052
1332
5065
-5793
3113
1073
-9795
286
-7686
7221
-3230
-1733
-1255
-9138
-7907
-3526
-6954
277
-4783
3389
-1326
-6955
-43
4049
-2537
5382
-2172
-2735
-6880
8094
215
7468
-7876
3499
5329
-5888
3862
2520
8890
-758
3308
2234
-1011
-3422
-8314
-8409
-7626
1025
-9655
-7582
-4010
3237
-983
6367
1672
-7595
-8001
-3773
2090
-6840
-1669
2474
4757
-5340
9694
-817
-6514
8835
-2559
2568
-7169
7739
-5162
-8432
-631
1692
-7302
-6263
882
-8867
5793
9058
-9723
-9549
-1359
-2284
-7237
-7103
3382
5716
-7755
-6858
-8910
9253
-7924
5940
-2250
-2710
-55
-2962
-3952
-8890
-2855
1395
-701
6239
731
-2832
-6243
-8738
1787
4179
-7964
2139
-9563
7213
-2509
-2849
5716
89
-7293
449
3913
-4860
270
-4461
-7134
-9820
1264
-7196
-6519
-1110
-7091
-3332
-1077
2653
6492
6733
-6805
8072
632
-1110
-5991
-8403
-866
-3081
8895
-1093
9302
9955
9467
9833
-1520
-6893
-5519
-8649
-4236
-160
-5729
-325
8147
1252
-4299
-9474
-3263
-2543
-1056
-8158
-3610
-7613
-285
969
1811
-8327
-7085
2708
7315
-8036
-9095
-7577
-3934
42
9399
-5835
3843
9681
-7532
2713
8493
-2413
7119
-6462
5413
-8525
-4490
2355
-4430
8623
-35
-5590
8076
-9685
-3924
5631
-2122
-1807
-4144
4718
-4083
-6379
93
-3847
802
1022
114
-8056
2117
-8829
-776
595
-2367
-558
-3019
1537
-9744
5623
182
752
-7064
-4998
-4337
-6311
-9197
-759
9194
-1138
4903
-7110
3866
-2813
7220
-5689
7377
-10
-6919
3429
-1806
5448
-1507
-9806
-9366
1706
3387
1926
-1349
-6976
-8260
-6375
2586
831
6156
-7170
-6
-165
-8762
-5398
518
-6559
-16
-7332
7191
-7971
2607
7005
9278
9801
5203
262
-8863
-8994
-4429
7141
-7987
7657
-7490
4025
-2167
8007
1873
-1277
-4342
-792
804
-6431
-2170
888
682
1745
-2901
3646
8474
-8641
5297
-956
-6361
-2019
-4851
184
-3978
-9620
1191
1137
-6641
-9820
-2324
-137
-5513
-5584
-5016
-6691
-8235
-9765
-7599
6769
-9284
75
-9507
-4460
9546
2729
-8418
-274
2282
-5811
6863
-6851
9283
6830
-7293
12
5419
-6595
-183
9643
-9028
-905
303
-4293
-1878
-1292
7008
-820
9939
-1975
9716
-2399
1816
-7868
-5946
-3459
3948
-1541
9450
6201
1578
-5622
-2983
-5615
-2388
922
4205
-5876
1528
7585
9395
6515
-4003
8679
-9061
-5922
7713
1135
22
-4551
2322
-7500
6268
-5468
9986
-8013
8266
-7179
1880
-4084
9012
3558
7554
-8991
2870
2378
2408
-6295
3022
1633
745
8096
-183
1328
-3169
7035
-4836
-2935
8579
-6074
9365
4304
-7753
4615
-8144
190
4898
516
-5138
7369
-1258
9861
1412
-6209
2424
-1606
-4784
-5361
1027
-8064
2609
-7917
-1214
-190
-8106
1546
-9658
-4420
2455
6561
-168
-6526
-5948
-1418
-5073
-8600
-3654
2107
-9986
-6181
-738
-6178
1808
-4402
3396
394
-3337
2237
-403
-6199
-702
-2612
2012
-5173
6861
-2705
1185
1452
5276
1807
-8714
-5103
-3925
7565
618
3475
2975
3199
2435
384
-2943
-7839
1631
-9059
-4243
1745
-8229
2832
-5466
-9295
-296
381
2157
3441
7578
2416
-2799
-6255
-5837
-8486
2249
-4544
2334
1440
-8768
-789
978
-3472
-817
-1869
-8818
-1675
-1231
-7265
5819
2605
8212
2995
1713
2073
-5908
8894
-490
-5515
-8052
-1511
-3216
1672
-9704
-9651
-2414
-3745
-7948
-2122
-260
1524
-5279
-9944
96
-6826
-7319
-5136
-9049
739
8920
2427
4888
-489
-6868
1821
-4306
588
1649
-6709
-6096
1337
-4344
-2997
-58
-4610
-1274
-307
-9176
3618
2886
-1801
-2925
6457
-3019
2505
8321
-6038
1074
3674
-4297
1170
-4934
6753
1120
-4221
-5344
-5992
-5446
4051
-994
-9917
-241
-8719
-2327
-6001
1895
632
-504
-8713
-933
1129
-5179
-1139
-4787
-5420
2244
-712
3512
-970
8308
-2918
-2238
-5335
260
-780
6009
-2119
1560
1418
-8036
-2061
-5477
683
-9608
-7452
7031
-2195
-8616
4896
-5533
-8427
116
8672
-7428
2849
-4910
-7027
-2536
-8868
-18
6404
-4265
6457
-8781
-7758
-5893
-2498
7501
4642
-7208
8159
1662
-1833
-9649
-403
-4425
-7043
-9831
-2706
-2782
-4516
991
-3313
-708
-3221
-3439
-777
-3989
-8083
-5546
-7073
-4275
-8008
-5118
-9059
-400
-813
-5529
-9335
2754
-7228
6412
2714
-9784
-5082
-3102
-3439
-174
-9024
-9065
-5351
1036
-4331
-2556
6925
-1639
1108
781
-2407
-2656
-4035
2217
2021
-9282
-8708
1917
2993
2660
-3242
240
-9765
-1854
4103
-9349
-4186
8096
7113
61
-8994
-8657
-2570
-2183
5367
-8223
-2542
-9540
-7723
-4458
-8636
2167
-4656
-3178
-8828
1846
1625
-316
-2312
-7887
1146
-3181
7714
-8674
-2564
9268
53
-8853
-2966
-5232
-4827
-7704
6524
-5221
2729
-1590
-7282
-4953
-5636
-6771
-7568
3800
-1024
2296
-4059
-7753
-7672
4393
-9821
2732
-3084
-3546
-1054
-1433
-3683
-4100
4884
-4609
-7309
-1819
3728
-6402
-4508
7084
-9134
2296
-4831
8782
-1175
-9020
-4133
-5568
5704
7016
-8876
7385
8925
1485
-2572
-7003
3051
-5284
-168
5028
-3983
-8311
-9966
1454
-5109
-9459
-6324
1140
-675
8019
5967
-1075
1484
-8557
-6300
-8658
-6420
-7453
-7048
2075
5634
-8947
-3291
-6178
-1152
-6468
4271
-6474
-7466
5244
-4820
-1902
-1939
-8896
-3864
-7330
-6069
5189
-7450
-2116
7802
1528
5996
-2185
5518
49
-3143
-1325
7428
-1683
-9127
1354
9927
-1775
-1316
-2893
3577
-8080
-6145
5635
-4912
2068
4055
569
-1441
-8204
-7674
-8141
3705
-6513
-8788
-152
-6321
-4013
-9052
-6928
-5728
-3140
2764
-4762
-3115
-7545
-9146
2321
-6785
-7172
-2112
-4321
-179
4078
-4079
-9997
-3137
7692
-94
1984
-1231
1582
-9419
-1482
4542
-2894
2210
-5827
-5211
6094
-9537
2272
-4019
-7397
-7038
1195
-8217
-8040
-9911
-2246
7060
-4396
282
-152
6535
-8033
7240
1103
939
1067
-5931
9296
-8439
-6124
-8387
-1298
-766
-4136
4914
-123
2275
6608
-9852
5713
-4196
-5545
1348
-2481
-3035
1133
41
-5780
-7285
-3487
-3055
-2664
-5716
3148
-4979
8894
-5442
-2406
3000
-5905
-2417
-5072
-2363
-507
1967
4330
-3420
616
-4941
-2112
-2884
-4215
1363
-8426
-5831
6423
8885
-4598
-6324
-688
-4402
9198
-1456
7736
8647
-9221
-6486
-2873
188
-5342
-4494
-7383
-1973
3816
-5929
-3775
2155
6284
-7649
-2547
3674
5896
7215
-6865
-8326
9569
-9973
-3542
-993
-9736
7166
1645
-1947
2048
-836
-6420
1277
-6380
-7067
-2186
-1071
6091
-7251
4034
164
-7548
-6631
-9205
605
1959
-5810
8861
897
-3346
5029
-6098
2685
-2272
-9055
-6413
-7893
6814
-9052
5325
4886
-95
-7524
-3487
-2858
4963
5000
2287
-5663
-5060
-689
-6140
6278
5584
3957
-6648
7823
-4729
244
5183
-1649
9021
-3354
781
-7201
-7142
-1471
1177
-958
-6554
-3033
-6219
-7702
-3178
4509
1116
-3778
1994
-2599
-931
1369
-6532
6593
-9449
-9740
-6449
-4239
9542
-1527
-9586
9950
6940
2672
217
9657
-8044
-8180
2681
-6026
3
-1557
2454
-6867
-1297
-6581
-9462
-8063
-8923
-9895
-3562
-7903
1542
-9796
-9612
-8885
7202
1018
-7701
213
-8440
9681
-3031
-1072
-710
-7897
-5235
-5144
-2296
-758
4134
1894
-4520
2256
-4871
-3903
35
-3395
-6459
-8972
-6972
-1840
-1619
-217
5810
2421
-3605
53
8781
-6466
-7699
-820
5399
9969
-7970
9622
-730
-96
-4448
-9927
-7274
4258
8901
-6276
4900
8501
2197
4012
-8489
-3924
1999
-4067
-61
300
3511
-108
1769
-3476
-6900
165
-9567
-3897
699
7098
-228
-2447
9141
-4876
-383
-7360
5532
1876
9347
217
-416
-2917
8491
-9787
-3855
-3471
-4874
1278
-5939
-6845
488
2514
-5188
7825
-5194
713
-3139
-9434
-8059
-7969
-6369
8842
2718
343
5525
8117
6649
-9805
-6747
7268
-2921
4636
-6465
879
-1642
-7961
597
2044
-6104
-6948
-2903
-5680
-4774
5808
-6364
6020
2397
-7119
-6747
1024
-2268
3470
-8864
-9214
-7769
-9588
-6841
-833
2387
-1476
-7132
-4180
-2470
-9746
-981
4672
-8753
868
-6293
-2317
-2606
235
9389
1706
-3419
2792
-5835
-7115
-8025
2320
4302
-6343
2401
-6885
-6682
-6421
-8835
-3238
7701
3963
727
-1402
-6940
7545
2263
1210
-8182
5908
-5924
9668
4764
-3456
-9316
-8008
-3267
-1125
-7315
-6140
-2116
-4434
-9699
-4755
8479
-4294
-7577
-3026
-6888
-6165
5096
5319
6788
-9456
-7027
-2536
-822
-3279
-5071
-1432
-1371
1620
5639
-2516
-4117
-8472
-143
-8984
-4156
-1656
-1988
-51
-9828
2710
6855
-6898
-6529
-471
-1089
-8401
-3711
4143
624
-8293
4509
-7928
2303
-4519
5568
-870
1907
-6914
-4634
6727
-5100
-1623
-3514
-6793
-7976
-1374
-9048
-548
-2790
-4693
-9056
-1067
-2323
8733
1719
-2926
-4083
-5913
6982
4122
-7393
1245
4168
6826
-5166
788
-9523
991
-9402
-7545
-7310
8502
2703
-1986
-113
-8046
8089
-6928
4436
-580
-433
7494
-1521
-4110
-171
-863
1041
-9062
3839
-5154
-3376
9366
7995
5113
-1716
-1794
-4207
-5168
4985
1094
495
1288
4946
-663
-5473
-8457
1171
-5888
-2789
-4936
-6578
-4940
4546
-2621
-8878
1205
-1366
-3455
-7695
-3925
-1226
-9638
2247
4203
-9075
-4751
3060
-5269
578
-2093
7467
-4104
-4488
8364
2926
9512
-8438
-8744
-6215
1997
2342
3942
4253
-6167
-9285
-6387
-7184
5705
-6799
-8184
-5470
5323
3169
-2332
-6285
-5535
-2372
2226
2212
-9959
-3537
5318
-5332
8895
-8343
4920
-594
8891
8572
-1075
2310
-577
-5310
-5731
6954
-4444
-413
-9076
-6896
19
-1867
-1732
8716
-8895
-4831
8806
6493
7488
-176
-6460
-2393
-2637
-6339
5682
3398
-7682
-6807
6358
-3623
5225
3257
2398
324
-2756
-6278
-2457
-6468
-7603
-8223
4584
1595
-9254
7357
-1083
5077
-9030
-731
7430
8876
-6193
-2510
-8084
5862
-6660
-5739
927
8830
-5630
-7358
5005
-487
-8613
-2037
-4401
-7459
3984
-1774
3887
-7555
-53
-9155
3175
730
459
-2481
-4597
-9722
-6887
-4337
4971
1990
-9001
-2838
-8526
-7196
1441
-7776
6291
-6563
-9714
1848
-9883
-3531
-7399
-7560
-6998
2038
7967
2482
-8585
1366
-4921
-543
-4173
-1453
-1240
-8170
-8168
-7033
5320
-9110
6175
7032
-7392
-6369
-9504
7950
-9752
-8313
-2441
-9174
5744
9848
-6587
-8650
-788
-1685
-3144
6424
724
-3737
-3123
-54
-1910
-2316
-2254
-4080
5694
-5482
-5232
-1761
494
-5570
-3670
-3676
-6319
2715
9727
2794
-8232
6959
-8940
9136
-6550
-2233
-7527
3010
-551
4619
-4511
1674
8053
-5806
-7755
-1242
-5606
8541
-850
-682
1104
-7459
-3362
-5128
3893
7636
6802
-3272
-7531
-5981
-5932
-1954
4826
-1310
9203
-5132
2088
-5011
5637
1218
-6102
-9442
-2228
-8937
-8278
8098
8121
-9648
1760
1380
-3664
2513
-4725
-2291
-7669
6395
-8572
2032
-3264
-1002
-209
-7359
-9113
-1898
-6636
-9528
-5065
127
9074
-8078
-2894
-7809
-4505
-5553
-1343
-5468
-4995
9113
-2432
2032
-9693
8498
-8323
-2361
-7243
-975
-804
-7220
-8638
8255
-1411
-4341
-8628
-2531
6180
9337
6451
-9464
-8243
-2920
6094
-5536
6313
2431
-4936
-2460
873
1018
9910
-3358
-9421
-754
813
-5939
-4674
9665
-7628
-7950
-6790
-4011
-2921
-123
-1871
-9635
2738
1183
1165
7340
-8967
-8245
-3523
-2037
804
604
4081
-3413
-4218
-7035
459
-2174
9946
-1658
-5928
2194
-6365
-352
